{
    "camera_type": "perspective",
    "render_height": 4024,
    "render_width": 6048,
    "fps": 24,
    "seconds": 1.875,
    "smoothness_value": 0,
    "is_cycle": false,
    "crop": null,
    "camera_path": [
        {
            "camera_to_world": [
                [
                    -0.4574273892019047,
                    -0.23049043840295308,
                    0.8588563822102508,
                    0.2770255425281081
                ],
                [
                    0.870566854440531,
                    0.08085086434925405,
                    0.4853622612758649,
                    -0.699229102613628
                ],
                [
                    -0.18131065176579134,
                    0.9697098903707695,
                    0.16367393537156763,
                    -0.033184689761700074
                ],
                [
                    0.0,
                    -0.0,
                    -0.0,
                    1.0
                ]
            ],
            "fov": 26.95571119620791,
            "aspect": 1.502982107355865,
            "file_path": "DSC_1041",
            "distortion": {
                "k1": -0.014385631268306717,
                "k2": 0.09220177148873288,
                "k3": -0.32260832578773435,
                "p1": -0.0003592685264967971,
                "p2": -0.0004208650296854246
            }
        },
        {
            "camera_to_world": [
                [
                    0.2503888316299986,
                    -0.3587088609009089,
                    0.8992404183290877,
                    0.2791071495701399
                ],
                [
                    0.7438054592514262,
                    0.6658318489649898,
                    0.058492928452601234,
                    -0.8896873395995784
                ],
                [
                    -0.6197248488784031,
                    0.6542139491053806,
                    0.4335264715391951,
                    0.07318334236151623
                ],
                [
                    0.0,
                    -0.0,
                    -0.0,
                    1.0
                ]
            ],
            "fov": 26.95571119620791,
            "aspect": 1.502982107355865,
            "file_path": "DSC_1042",
            "distortion": {
                "k1": -0.014385631268306717,
                "k2": 0.09220177148873288,
                "k3": -0.32260832578773435,
                "p1": -0.0003592685264967971,
                "p2": -0.0004208650296854246
            }
        },
        {
            "camera_to_world": [
                [
                    0.6678807347760747,
                    -0.11883360785576912,
                    0.7347202471754052,
                    0.21406363954592447
                ],
                [
                    0.2791827181288042,
                    0.9550889128199266,
                    -0.09930867783827416,
                    -0.9657728169953629
                ],
                [
                    -0.6899219541838205,
                    0.2714475390173776,
                    0.6710617793789402,
                    0.16547659063156933
                ],
                [
                    0.0,
                    -0.0,
                    -0.0,
                    1.0
                ]
            ],
            "fov": 26.95571119620791,
            "aspect": 1.502982107355865,
            "file_path": "DSC_1043",
            "distortion": {
                "k1": -0.014385631268306717,
                "k2": 0.09220177148873288,
                "k3": -0.32260832578773435,
                "p1": -0.0003592685264967971,
                "p2": -0.0004208650296854246
            }
        },
        {
            "camera_to_world": [
                [
                    0.7815185861824715,
                    0.3853921113915037,
                    0.4906134565817438,
                    0.12125415330741643
                ],
                [
                    -0.3583772565310033,
                    0.9210182519605059,
                    -0.15261440477310087,
                    -0.996049271686478
                ],
                [
                    -0.5106803296087352,
                    -0.05655371797636113,
                    0.857908654216989,
                    0.2720435854359997
                ],
                [
                    0.0,
                    -0.0,
                    -0.0,
                    1.0
                ]
            ],
            "fov": 26.95571119620791,
            "aspect": 1.502982107355865,
            "file_path": "DSC_1044",
            "distortion": {
                "k1": -0.014385631268306717,
                "k2": 0.09220177148873288,
                "k3": -0.32260832578773435,
                "p1": -0.0003592685264967971,
                "p2": -0.0004208650296854246
            }
        },
        {
            "camera_to_world": [
                [
                    -0.8020675367285393,
                    0.3774378187846841,
                    0.4628480348103565,
                    0.09056149627678271
                ],
                [
                    0.2508783503650954,
                    -0.4903677660205575,
                    0.8346253904317901,
                    -0.559972412247934
                ],
                [
                    0.5419849384366258,
                    0.7855444896382069,
                    0.29861708315757235,
                    0.010428265879050937
                ],
                [
                    0.0,
                    -0.0,
                    -0.0,
                    1.0
                ]
            ],
            "fov": 26.95571119620791,
            "aspect": 1.502982107355865,
            "file_path": "DSC_1045",
            "distortion": {
                "k1": -0.014385631268306717,
                "k2": 0.09220177148873288,
                "k3": -0.32260832578773435,
                "p1": -0.0003592685264967971,
                "p2": -0.0004208650296854246
            }
        },
        {
            "camera_to_world": [
                [
                    -0.6810524883080368,
                    0.7283736304907131,
                    0.07509531560454448,
                    -0.0846737735963025
                ],
                [
                    -0.10959840462782533,
                    -0.20280121588803057,
                    0.9730672595071188,
                    -0.5075914133070654
                ],
                [
                    0.7239859527456335,
                    0.6544795574026135,
                    0.2179468518141931,
                    -0.028334069822169967
                ],
                [
                    0.0,
                    -0.0,
                    -0.0,
                    1.0
                ]
            ],
            "fov": 26.95571119620791,
            "aspect": 1.502982107355865,
            "file_path": "DSC_1046",
            "distortion": {
                "k1": -0.014385631268306717,
                "k2": 0.09220177148873288,
                "k3": -0.32260832578773435,
                "p1": -0.0003592685264967971,
                "p2": -0.0004208650296854246
            }
        },
        {
            "camera_to_world": [
                [
                    -0.5803647465012238,
                    0.7775492214875872,
                    -0.2420617958975636,
                    -0.2591946689112438
                ],
                [
                    -0.305543544168806,
                    0.06761928206747099,
                    0.9497740838203401,
                    -0.4185811126765068
                ],
                [
                    0.7548641455813636,
                    0.6251758178104538,
                    0.19833128746465825,
                    -0.004947068912841529
                ],
                [
                    0.0,
                    -0.0,
                    -0.0,
                    1.0
                ]
            ],
            "fov": 26.95571119620791,
            "aspect": 1.502982107355865,
            "file_path": "DSC_1049",
            "distortion": {
                "k1": -0.014385631268306717,
                "k2": 0.09220177148873288,
                "k3": -0.32260832578773435,
                "p1": -0.0003592685264967971,
                "p2": -0.0004208650296854246
            }
        },
        {
            "camera_to_world": [
                [
                    -0.6037394155320464,
                    -0.023392017882505004,
                    0.7968384249538569,
                    -0.006997237077177867
                ],
                [
                    0.7884964453965403,
                    -0.16467106741739138,
                    0.5925848716765887,
                    -0.2665551928071348
                ],
                [
                    0.11735446804120267,
                    0.9860711122789723,
                    0.117862934828202,
                    -0.12942450905225528
                ],
                [
                    0.0,
                    -0.0,
                    -0.0,
                    1.0
                ]
            ],
            "fov": 26.95571119620791,
            "aspect": 1.502982107355865,
            "file_path": "DSC_1050",
            "distortion": {
                "k1": -0.014385631268306717,
                "k2": 0.09220177148873288,
                "k3": -0.32260832578773435,
                "p1": -0.0003592685264967971,
                "p2": -0.0004208650296854246
            }
        },
        {
            "camera_to_world": [
                [
                    -0.4231234131695699,
                    -0.2090786591029028,
                    0.8816193256649955,
                    -0.06149125881941599
                ],
                [
                    0.8888430295175419,
                    0.09306580713668007,
                    0.4486611855369248,
                    -0.4203139928096776
                ],
                [
                    -0.1758541037418225,
                    0.973460243766893,
                    0.146459786457243,
                    -0.1387163145171151
                ],
                [
                    0.0,
                    -0.0,
                    -0.0,
                    1.0
                ]
            ],
            "fov": 26.95571119620791,
            "aspect": 1.502982107355865,
            "file_path": "DSC_1052",
            "distortion": {
                "k1": -0.014385631268306717,
                "k2": 0.09220177148873288,
                "k3": -0.32260832578773435,
                "p1": -0.0003592685264967971,
                "p2": -0.0004208650296854246
            }
        },
        {
            "camera_to_world": [
                [
                    -0.08360848460349742,
                    -0.21763947350258644,
                    0.9724415790814173,
                    0.1059585138306308
                ],
                [
                    0.9057901873899532,
                    0.39019368441662466,
                    0.16520611386015377,
                    -0.5003968284604557
                ],
                [
                    -0.4153959437728098,
                    0.8946406692743532,
                    0.16451219962080157,
                    -0.11039343008483998
                ],
                [
                    0.0,
                    -0.0,
                    -0.0,
                    1.0
                ]
            ],
            "fov": 26.95571119620791,
            "aspect": 1.502982107355865,
            "file_path": "DSC_1053",
            "distortion": {
                "k1": -0.014385631268306717,
                "k2": 0.09220177148873288,
                "k3": -0.32260832578773435,
                "p1": -0.0003592685264967971,
                "p2": -0.0004208650296854246
            }
        },
        {
            "camera_to_world": [
                [
                    0.26185040882447547,
                    -0.16798508115695543,
                    0.9503764095124009,
                    0.10370282747914493
                ],
                [
                    0.7469247655413029,
                    0.658880064965721,
                    -0.08933358606459499,
                    -0.6338970837521536
                ],
                [
                    -0.6111773674496933,
                    0.7332517066467036,
                    0.29800023701937056,
                    -0.04666826214618994
                ],
                [
                    0.0,
                    -0.0,
                    -0.0,
                    1.0
                ]
            ],
            "fov": 26.95571119620791,
            "aspect": 1.502982107355865,
            "file_path": "DSC_1054",
            "distortion": {
                "k1": -0.014385631268306717,
                "k2": 0.09220177148873288,
                "k3": -0.32260832578773435,
                "p1": -0.0003592685264967971,
                "p2": -0.0004208650296854246
            }
        },
        {
            "camera_to_world": [
                [
                    0.47927637937048606,
                    -0.08708541718787247,
                    0.8733328266710634,
                    0.06558704454979682
                ],
                [
                    0.5548957548545687,
                    0.8010146011339211,
                    -0.2246471566745643,
                    -0.7093840325046176
                ],
                [
                    -0.6799888584631769,
                    0.5922767465738891,
                    0.4322307125603596,
                    0.028736256553725373
                ],
                [
                    0.0,
                    -0.0,
                    -0.0,
                    1.0
                ]
            ],
            "fov": 26.95571119620791,
            "aspect": 1.502982107355865,
            "file_path": "DSC_1055",
            "distortion": {
                "k1": -0.014385631268306717,
                "k2": 0.09220177148873288,
                "k3": -0.32260832578773435,
                "p1": -0.0003592685264967971,
                "p2": -0.0004208650296854246
            }
        },
        {
            "camera_to_world": [
                [
                    0.6441491116926562,
                    0.03748738829279253,
                    0.7639807337067366,
                    0.02308650371822646
                ],
                [
                    0.33235211894350297,
                    0.885870518169919,
                    -0.3236904834227367,
                    -0.7696912982762426
                ],
                [
                    -0.688922320451989,
                    0.462415545211129,
                    0.5581737014378072,
                    0.11712374406920241
                ],
                [
                    0.0,
                    -0.0,
                    -0.0,
                    1.0
                ]
            ],
            "fov": 26.95571119620791,
            "aspect": 1.502982107355865,
            "file_path": "DSC_1056",
            "distortion": {
                "k1": -0.014385631268306717,
                "k2": 0.09220177148873288,
                "k3": -0.32260832578773435,
                "p1": -0.0003592685264967971,
                "p2": -0.0004208650296854246
            }
        },
        {
            "camera_to_world": [
                [
                    0.7183944487771926,
                    0.08469015524966543,
                    0.6904613945909195,
                    -0.05262016534632731
                ],
                [
                    0.1504035674122998,
                    0.9501742946768538,
                    -0.27303408511085187,
                    -0.7218990088389395
                ],
                [
                    -0.6791819667592705,
                    0.2999940195562001,
                    0.6698622435293428,
                    0.15662891127778725
                ],
                [
                    0.0,
                    -0.0,
                    -0.0,
                    1.0
                ]
            ],
            "fov": 26.95571119620791,
            "aspect": 1.502982107355865,
            "file_path": "DSC_1057",
            "distortion": {
                "k1": -0.014385631268306717,
                "k2": 0.09220177148873288,
                "k3": -0.32260832578773435,
                "p1": -0.0003592685264967971,
                "p2": -0.0004208650296854246
            }
        },
        {
            "camera_to_world": [
                [
                    0.610099611321158,
                    -0.41259588117355056,
                    0.6764192833996749,
                    -6.732832726696805e-05
                ],
                [
                    0.3511372177815875,
                    0.9060984796301783,
                    0.23598354707014482,
                    -0.44983320112307523
                ],
                [
                    -0.7102683253501142,
                    0.09354250451048854,
                    0.6976881014471229,
                    0.23862549093659724
                ],
                [
                    0.0,
                    -0.0,
                    -0.0,
                    1.0
                ]
            ],
            "fov": 26.95571119620791,
            "aspect": 1.502982107355865,
            "file_path": "DSC_1058",
            "distortion": {
                "k1": -0.014385631268306717,
                "k2": 0.09220177148873288,
                "k3": -0.32260832578773435,
                "p1": -0.0003592685264967971,
                "p2": -0.0004208650296854246
            }
        },
        {
            "camera_to_world": [
                [
                    0.2818101932894855,
                    -0.6356628331000683,
                    0.7186902819879188,
                    0.09159698830211332
                ],
                [
                    0.8768397079709808,
                    0.47472814119534257,
                    0.07606151109400029,
                    -0.529179036625685
                ],
                [
                    -0.389531984924353,
                    0.6087412612125359,
                    0.6911576453059793,
                    0.26217817255487197
                ],
                [
                    0.0,
                    -0.0,
                    -0.0,
                    1.0
                ]
            ],
            "fov": 26.95571119620791,
            "aspect": 1.502982107355865,
            "file_path": "DSC_1059",
            "distortion": {
                "k1": -0.014385631268306717,
                "k2": 0.09220177148873288,
                "k3": -0.32260832578773435,
                "p1": -0.0003592685264967971,
                "p2": -0.0004208650296854246
            }
        },
        {
            "camera_to_world": [
                [
                    0.699707189403461,
                    -0.472271485234305,
                    0.536068500457012,
                    -0.1424875138115643
                ],
                [
                    0.39500022518735445,
                    0.8809612398021425,
                    0.260542033183773,
                    -0.44613958847491064
                ],
                [
                    -0.5953021451899855,
                    0.029444034178396323,
                    0.8029622567905321,
                    0.21981819720153647
                ],
                [
                    0.0,
                    -0.0,
                    -0.0,
                    1.0
                ]
            ],
            "fov": 26.95571119620791,
            "aspect": 1.502982107355865,
            "file_path": "DSC_1061",
            "distortion": {
                "k1": -0.014385631268306717,
                "k2": 0.09220177148873288,
                "k3": -0.32260832578773435,
                "p1": -0.0003592685264967971,
                "p2": -0.0004208650296854246
            }
        },
        {
            "camera_to_world": [
                [
                    0.8452572376647849,
                    -0.15100096633879345,
                    0.5125805831189709,
                    -0.10052677286793342
                ],
                [
                    0.06709631630709187,
                    0.9816425768762296,
                    0.17853842888615587,
                    -0.47642492694297583
                ],
                [
                    -0.5301303973447715,
                    -0.11651864047905953,
                    0.8398721029291469,
                    0.28866004866340683
                ],
                [
                    0.0,
                    -0.0,
                    -0.0,
                    1.0
                ]
            ],
            "fov": 26.95571119620791,
            "aspect": 1.502982107355865,
            "file_path": "DSC_1062",
            "distortion": {
                "k1": -0.014385631268306717,
                "k2": 0.09220177148873288,
                "k3": -0.32260832578773435,
                "p1": -0.0003592685264967971,
                "p2": -0.0004208650296854246
            }
        },
        {
            "camera_to_world": [
                [
                    -0.11218032694414817,
                    0.945322173258331,
                    0.3062376639856477,
                    -0.27009442615956764
                ],
                [
                    -0.5970498612250706,
                    -0.31047346061698616,
                    0.7396875884121341,
                    -0.19371271058916908
                ],
                [
                    0.7943217520416581,
                    -0.0998607523348565,
                    0.5992334815605921,
                    0.13662503418578584
                ],
                [
                    0.0,
                    -0.0,
                    -0.0,
                    1.0
                ]
            ],
            "fov": 26.95571119620791,
            "aspect": 1.502982107355865,
            "file_path": "DSC_1063",
            "distortion": {
                "k1": -0.014385631268306717,
                "k2": 0.09220177148873288,
                "k3": -0.32260832578773435,
                "p1": -0.0003592685264967971,
                "p2": -0.0004208650296854246
            }
        },
        {
            "camera_to_world": [
                [
                    -0.7397635706028163,
                    -0.017139054684789472,
                    0.6726485384389238,
                    0.06634296180849948
                ],
                [
                    0.5530138652563867,
                    -0.5849667117752427,
                    0.5932871530181429,
                    -0.153696469868498
                ],
                [
                    0.3833086146785816,
                    0.8108761973455834,
                    0.4422151959602866,
                    0.13527533060132496
                ],
                [
                    0.0,
                    -0.0,
                    -0.0,
                    1.0
                ]
            ],
            "fov": 26.95571119620791,
            "aspect": 1.502982107355865,
            "file_path": "DSC_1064",
            "distortion": {
                "k1": -0.014385631268306717,
                "k2": 0.09220177148873288,
                "k3": -0.32260832578773435,
                "p1": -0.0003592685264967971,
                "p2": -0.0004208650296854246
            }
        },
        {
            "camera_to_world": [
                [
                    -0.7569442244800316,
                    0.14122901022134798,
                    0.6380358544382585,
                    -0.158957502471725
                ],
                [
                    0.43192095559954646,
                    -0.6245647601442572,
                    0.6506636485060799,
                    -0.0575136204210703
                ],
                [
                    0.4903872865892723,
                    0.7680971542220529,
                    0.41176091591387853,
                    0.037369528227366666
                ],
                [
                    0.0,
                    -0.0,
                    -0.0,
                    1.0
                ]
            ],
            "fov": 26.95571119620791,
            "aspect": 1.502982107355865,
            "file_path": "DSC_1065",
            "distortion": {
                "k1": -0.014385631268306717,
                "k2": 0.09220177148873288,
                "k3": -0.32260832578773435,
                "p1": -0.0003592685264967971,
                "p2": -0.0004208650296854246
            }
        },
        {
            "camera_to_world": [
                [
                    -0.7237189900818526,
                    0.18710779056230606,
                    0.6642450165084657,
                    -0.1497241273228885
                ],
                [
                    0.6031947940364586,
                    -0.29607868885829386,
                    0.7406034603204268,
                    -0.0563062572486282
                ],
                [
                    0.3352414621733016,
                    0.9366579289591608,
                    0.10141532036375396,
                    -0.16197173121958267
                ],
                [
                    0.0,
                    -0.0,
                    -0.0,
                    1.0
                ]
            ],
            "fov": 26.95571119620791,
            "aspect": 1.502982107355865,
            "file_path": "DSC_1066",
            "distortion": {
                "k1": -0.014385631268306717,
                "k2": 0.09220177148873288,
                "k3": -0.32260832578773435,
                "p1": -0.0003592685264967971,
                "p2": -0.0004208650296854246
            }
        },
        {
            "camera_to_world": [
                [
                    -0.5254706286573017,
                    -0.028846809828324712,
                    0.8503225410582536,
                    0.0044036448259784965
                ],
                [
                    0.8477322767146078,
                    0.0672041921102269,
                    0.5261498062019998,
                    -0.15219206724325016
                ],
                [
                    -0.07232299328605654,
                    0.9973221334381104,
                    -0.010859458699306353,
                    -0.21269291097736484
                ],
                [
                    0.0,
                    -0.0,
                    -0.0,
                    1.0
                ]
            ],
            "fov": 26.95571119620791,
            "aspect": 1.502982107355865,
            "file_path": "DSC_1067",
            "distortion": {
                "k1": -0.014385631268306717,
                "k2": 0.09220177148873288,
                "k3": -0.32260832578773435,
                "p1": -0.0003592685264967971,
                "p2": -0.0004208650296854246
            }
        },
        {
            "camera_to_world": [
                [
                    -0.49965074840438645,
                    -0.09556380222111929,
                    0.8609393899540873,
                    0.016257109402086842
                ],
                [
                    0.8629320352279475,
                    0.03169349622731811,
                    0.5043251529138357,
                    -0.20752010305196666
                ],
                [
                    -0.0754814189940688,
                    0.9949186204561402,
                    0.06662938618158627,
                    -0.14803173033950914
                ],
                [
                    0.0,
                    -0.0,
                    -0.0,
                    1.0
                ]
            ],
            "fov": 26.95571119620791,
            "aspect": 1.502982107355865,
            "file_path": "DSC_1068",
            "distortion": {
                "k1": -0.014385631268306717,
                "k2": 0.09220177148873288,
                "k3": -0.32260832578773435,
                "p1": -0.0003592685264967971,
                "p2": -0.0004208650296854246
            }
        },
        {
            "camera_to_world": [
                [
                    -0.5832031782708906,
                    -0.525438816127632,
                    0.6195062931170764,
                    -0.09852367417350466
                ],
                [
                    0.8095585044144933,
                    -0.31304741491134624,
                    0.4966048519042229,
                    -0.14499058350462368
                ],
                [
                    -0.06700063224332493,
                    0.7911481177186397,
                    0.6079437080486072,
                    0.2198370981460924
                ],
                [
                    0.0,
                    -0.0,
                    -0.0,
                    1.0
                ]
            ],
            "fov": 26.95571119620791,
            "aspect": 1.502982107355865,
            "file_path": "DSC_1069",
            "distortion": {
                "k1": -0.014385631268306717,
                "k2": 0.09220177148873288,
                "k3": -0.32260832578773435,
                "p1": -0.0003592685264967971,
                "p2": -0.0004208650296854246
            }
        },
        {
            "camera_to_world": [
                [
                    -0.7318380747095515,
                    0.14165124385959163,
                    0.6665942554275306,
                    -0.27908999571706766
                ],
                [
                    0.6512932370578722,
                    -0.1425132431863184,
                    0.7453235068522375,
                    -0.017988056527916834
                ],
                [
                    0.20057450186994116,
                    0.9796044537722832,
                    0.012040116102949909,
                    0.008340626356338273
                ],
                [
                    0.0,
                    -0.0,
                    -0.0,
                    1.0
                ]
            ],
            "fov": 26.95571119620791,
            "aspect": 1.502982107355865,
            "file_path": "DSC_1070",
            "distortion": {
                "k1": -0.014385631268306717,
                "k2": 0.09220177148873288,
                "k3": -0.32260832578773435,
                "p1": -0.0003592685264967971,
                "p2": -0.0004208650296854246
            }
        },
        {
            "camera_to_world": [
                [
                    -0.72134323671075,
                    0.5352946894801872,
                    0.4394581596881613,
                    -0.3587897756019858
                ],
                [
                    0.2979084765617361,
                    -0.33300679062882416,
                    0.8946267668559214,
                    0.09139020715969096
                ],
                [
                    0.6252315034596907,
                    0.7762512848781452,
                    0.0807433641434721,
                    0.026173903462971045
                ],
                [
                    0.0,
                    -0.0,
                    -0.0,
                    1.0
                ]
            ],
            "fov": 26.95571119620791,
            "aspect": 1.502982107355865,
            "file_path": "DSC_1071",
            "distortion": {
                "k1": -0.014385631268306717,
                "k2": 0.09220177148873288,
                "k3": -0.32260832578773435,
                "p1": -0.0003592685264967971,
                "p2": -0.0004208650296854246
            }
        },
        {
            "camera_to_world": [
                [
                    -0.24423882305947786,
                    0.0476495017849543,
                    0.9685436831349965,
                    -0.052470225479707096
                ],
                [
                    0.941822027962804,
                    0.24948830808638256,
                    0.22522630121624124,
                    -0.2930528485200409
                ],
                [
                    -0.23090841411708324,
                    0.9672047814314121,
                    -0.10581207923857039,
                    -0.09809890391935507
                ],
                [
                    0.0,
                    -0.0,
                    -0.0,
                    1.0
                ]
            ],
            "fov": 26.95571119620791,
            "aspect": 1.502982107355865,
            "file_path": "DSC_1072",
            "distortion": {
                "k1": -0.014385631268306717,
                "k2": 0.09220177148873288,
                "k3": -0.32260832578773435,
                "p1": -0.0003592685264967971,
                "p2": -0.0004208650296854246
            }
        },
        {
            "camera_to_world": [
                [
                    0.17699641446214492,
                    0.03698811725892881,
                    0.9835161881228599,
                    -0.051453291487652486
                ],
                [
                    0.8533046302302838,
                    0.4922009982541614,
                    -0.17207388044815858,
                    -0.49575445726466016
                ],
                [
                    -0.49045234642715446,
                    0.869695373490424,
                    0.05555568611844454,
                    0.007183420878026063
                ],
                [
                    0.0,
                    -0.0,
                    -0.0,
                    1.0
                ]
            ],
            "fov": 26.95571119620791,
            "aspect": 1.502982107355865,
            "file_path": "DSC_1073",
            "distortion": {
                "k1": -0.014385631268306717,
                "k2": 0.09220177148873288,
                "k3": -0.32260832578773435,
                "p1": -0.0003592685264967971,
                "p2": -0.0004208650296854246
            }
        },
        {
            "camera_to_world": [
                [
                    -0.5107251611907156,
                    -0.019869784489443612,
                    0.8595143659309,
                    0.037639176860193815
                ],
                [
                    0.8596214714167921,
                    0.005079015401585785,
                    0.5109062188592959,
                    -0.5765965518398827
                ],
                [
                    -0.014517093632568272,
                    0.9997896658953911,
                    0.014486511239328396,
                    -0.06297816830860943
                ],
                [
                    0.0,
                    -0.0,
                    -0.0,
                    1.0
                ]
            ],
            "fov": 26.95571119620791,
            "aspect": 1.502982107355865,
            "file_path": "DSC_1074",
            "distortion": {
                "k1": -0.014385631268306717,
                "k2": 0.09220177148873288,
                "k3": -0.32260832578773435,
                "p1": -0.0003592685264967971,
                "p2": -0.0004208650296854246
            }
        },
        {
            "camera_to_world": [
                [
                    -0.203029240696673,
                    -0.14560172079585787,
                    0.9682867396458309,
                    0.09293877244053787
                ],
                [
                    0.9263826195975358,
                    0.29174880288791577,
                    0.23811323589501873,
                    -0.7170912436127042
                ],
                [
                    -0.3171662041497187,
                    0.9453479534948763,
                    0.07564936757798388,
                    -0.049090325461257814
                ],
                [
                    0.0,
                    -0.0,
                    -0.0,
                    1.0
                ]
            ],
            "fov": 26.95571119620791,
            "aspect": 1.502982107355865,
            "file_path": "DSC_1075",
            "distortion": {
                "k1": -0.014385631268306717,
                "k2": 0.09220177148873288,
                "k3": -0.32260832578773435,
                "p1": -0.0003592685264967971,
                "p2": -0.0004208650296854246
            }
        },
        {
            "camera_to_world": [
                [
                    0.1265719315203918,
                    -0.2730997508953708,
                    0.9536225752689689,
                    0.1270249464320565
                ],
                [
                    0.7676815604271824,
                    0.6357948139315465,
                    0.08018735152852374,
                    -0.8294233097683569
                ],
                [
                    -0.6282074410461185,
                    0.7219289921932822,
                    0.290127424232389,
                    0.05287626375358086
                ],
                [
                    0.0,
                    -0.0,
                    -0.0,
                    1.0
                ]
            ],
            "fov": 26.95571119620791,
            "aspect": 1.502982107355865,
            "file_path": "DSC_1076",
            "distortion": {
                "k1": -0.014385631268306717,
                "k2": 0.09220177148873288,
                "k3": -0.32260832578773435,
                "p1": -0.0003592685264967971,
                "p2": -0.0004208650296854246
            }
        },
        {
            "camera_to_world": [
                [
                    -0.6307066622699018,
                    0.13968819678820948,
                    0.7633454379879107,
                    0.015805701754929683
                ],
                [
                    0.6757702872626066,
                    -0.38471814552230216,
                    0.6287499521639882,
                    -0.47210985170778463
                ],
                [
                    0.3815017795612561,
                    0.9124029549430962,
                    0.14824716202795638,
                    0.016175126731217564
                ],
