{
    "camera_type": "perspective",
    "render_height": 4024,
    "render_width": 6048,
    "camera_path": [
        {
            "camera_to_world": [
                0.9965754444187845,
                0.07758483822144027,
                -0.028600287754757633,
                0.4831057402987096,
                0.005871501131904388,
                -0.4114035694470266,
                -0.9114343797118384,
                0.021869321677607384,
                -0.08247974936892111,
                0.9081451953979597,
                -0.4104502345225806,
                -2.4390800952086087,
                0.0,
                0.0,
                0.0,
                1.0
            ],
            "fov": 25.506965541534004,
            "aspect": 1,
            "file_path": "images/frame_00008.JPG"
        },
        {
            "camera_to_world": [
                0.9035206722860334,
                0.3863508466880901,
                -0.18542766248645323,
                -0.5385054233121295,
                -0.02077189571562275,
                -0.3927006776975797,
                -0.9194317299746845,
                1.435996102371613,
                -0.428040796069923,
                0.8345772588557979,
                -0.3467879408234506,
                -1.4819967356201709,
                0.0,
                0.0,
                0.0,
                1.0
            ],
            "fov": 25.506965541534004,
            "aspect": 1,
            "file_path": "images/frame_00009.JPG"
        },
        {
            "camera_to_world": [
                0.6578541918886702,
                0.6011753959386401,
                -0.4536694893119045,
                -2.4878273097119776,
                -0.15094919623939643,
                -0.48489824565692047,
                -0.8614453154516084,
                0.2503270505536484,
                -0.7378632680715208,
                0.6351864566226677,
                -0.22824540072902877,
                -1.3502886182197529,
                0.0,
                0.0,
                0.0,
                1.0
            ],
            "fov": 25.506965541534004,
            "aspect": 1,
            "file_path": "images/frame_00010.JPG"
        },
        {
            "camera_to_world": [
                0.2844116616749497,
                0.7423812017154904,
                -0.60661368105472,
                -3.5481151295125324,
                -0.22466294892551264,
                -0.5635150101655053,
                -0.794970057736933,
                0.6308293249437854,
                -0.9320067414366623,
                0.3623823735471058,
                0.006515309584320579,
                0.04903738593235955,
                0.0,
                0.0,
                0.0,
                1.0
            ],
            "fov": 25.506965541534004,
            "aspect": 1,
            "file_path": "images/frame_00011.JPG"
        },
        {
            "camera_to_world": [
                -0.010056697410821411,
                0.7724026880400592,
                -0.635053501955291,
                -3.7757431419329133,
                -0.25612857185280485,
                -0.6158884736650163,
                -0.7450366049310726,
                0.9237511418225629,
                -0.9665904083518676,
                0.1551627388101535,
                0.20402820140142947,
                1.376810581306053,
                0.0,
                0.0,
                0.0,
                1.0
            ],
            "fov": 25.506965541534004,
            "aspect": 1,
            "file_path": "images/frame_00012.JPG"
        },
        {
            "camera_to_world": [
                -0.28349253619057907,
                0.7334707047916874,
                -0.6177804684000762,
                -3.8021111679106054,
                -0.2661065229435505,
                -0.6790783673183864,
                -0.6841344089337182,
                1.0910777372966949,
                -0.9213138989351707,
                -0.029551586295479916,
                0.38769498755631887,
                2.7680310119933544,
                0.0,
                0.0,
                0.0,
                1.0
            ],
            "fov": 25.506965541534004,
            "aspect": 1,
            "file_path": "images/frame_00013.JPG"
        },
        {
            "camera_to_world": [
                -0.46567406182011317,
                0.7215357318101236,
                -0.5123805771779277,
                -2.6942027670569986,
                -0.23919693179820994,
                -0.660063387693759,
                -0.7121103510303447,
                1.235697178544867,
                -0.8520167228207904,
                -0.20905145765449107,
                0.47996353203785463,
                3.177907888590992,
                0.0,
                0.0,
                0.0,
                1.0
            ],
            "fov": 25.506965541534004,
            "aspect": 1,
            "file_path": "images/frame_00014.JPG"
        },
        {
            "camera_to_world": [
                -0.25209389145047856,
                0.9609773495867476,
                -0.11389119138275014,
                -0.408257910619285,
                -0.2394892460283583,
                -0.17598636859952543,
                -0.9548160551142404,
                -1.284646361378115,
                -0.9375998991734807,
                -0.21342757939961707,
                0.27450882940535326,
                2.3102702685713985,
                0.0,
                0.0,
                0.0,
                1.0
            ],
            "fov": 25.506965541534004,
            "aspect": 1,
            "file_path": "images/frame_00015.JPG"
        },
        {
            "camera_to_world": [
                0.41202685140905904,
                0.8728711369175883,
                -0.26139979352351317,
                -1.7780155311480896,
                -0.4137007358782451,
                -0.07639904363015917,
                -0.9072016794881919,
                -1.7843915235732695,
                -0.8118408556187211,
                0.48193273853162855,
                0.3296289742720883,
                2.6593431509280423,
                0.0,
                0.0,
                0.0,
                1.0
            ],
            "fov": 25.506965541534004,
            "aspect": 1,
            "file_path": "images/frame_00016.JPG"
        },
        {
            "camera_to_world": [
                -0.25326960853240366,
                0.9673035501713495,
                0.013354670334488679,
                0.673038489296414,
                -0.38345547773663463,
                -0.08770724669446299,
                -0.9193853030536465,
                0.056439855232382576,
                -0.8881533662536042,
                -0.23797327728796897,
                0.39313142498305975,
                2.612946224966305,
                0.0,
                0.0,
                0.0,
                1.0
            ],
            "fov": 25.506965541534004,
            "aspect": 1,
            "file_path": "images/frame_00017.JPG"
        },
        {
            "camera_to_world": [
                -0.5799109532864679,
                0.8142164714298598,
                -0.027474058868147164,
                0.23085893656052697,
                -0.36801246092011564,
                -0.29189898348053256,
                -0.8828147099196707,
                -0.5665286676276209,
                -0.7268219278928663,
                -0.501843123989302,
                0.4689172251461417,
                3.331408449572819,
                0.0,
                0.0,
                0.0,
                1.0
            ],
            "fov": 25.506965541534004,
            "aspect": 1,
            "file_path": "images/frame_00018.JPG"
        },
        {
            "camera_to_world": [
                -0.22924877297485285,
                -0.8460269092029178,
                0.48133509013376635,
                3.7771565408427024,
                -0.04829394255513877,
                -0.4840095677467417,
                -0.8737290389142923,
                0.25333766843307576,
                0.972169067190478,
                -0.22354687927629152,
                0.07010062456088242,
                0.8059060985651173,
                0.0,
                0.0,
                0.0,
                1.0
            ],
            "fov": 25.506965541534004,
            "aspect": 1,
            "file_path": "images/frame_00019.JPG"
        },
        {
            "camera_to_world": [
                0.9543447838782596,
                -0.2769951207878777,
                0.11180222065803076,
                1.5758774410189935,
                0.0778971845368254,
                -0.13055081530023313,
                -0.9883767061529123,
                -2.9093114125002404,
                0.28837139616403307,
                0.9519612322380326,
                -0.10301334957301807,
                -0.6461565098951644,
                0.0,
                0.0,
                0.0,
                1.0
            ],
            "fov": 25.506965541534004,
            "aspect": 1,
            "file_path": "images/frame_00020.JPG"
        },
        {
            "camera_to_world": [
                0.8940851625377482,
                -0.41441292011672876,
                0.16992249342030677,
                3.9511873856713136,
                0.09138824590929848,
                -0.2026076597025834,
                -0.9749863202832456,
                -0.8757094265917479,
                0.43847452678516,
                0.8872497212567427,
                -0.14327603250495893,
                -1.3551361787920306,
                0.0,
                0.0,
                0.0,
                1.0
            ],
            "fov": 25.506965541534004,
            "aspect": 1,
            "file_path": "images/frame_00021.JPG"
        },
        {
            "camera_to_world": [
                0.9731500332874433,
                -0.16294786841783143,
                0.16256384865871326,
                3.4307065901743368,
                0.06680495110150436,
                -0.4759144330138011,
                -0.8769507118176468,
                0.27814790410242973,
                0.2202637310611385,
                0.8642646843573079,
                -0.4522504219476076,
                -3.425882999632623,
                0.0,
                0.0,
                0.0,
                1.0
            ],
            "fov": 25.506965541534004,
            "aspect": 1,
            "file_path": "images/frame_00022.JPG"
        },
        {
            "camera_to_world": [
                0.9563642018593921,
                0.2582021362413246,
                -0.13674490938336423,
                1.2616117372046987,
                0.019068603854351784,
                -0.522180788556957,
                -0.8526216115071681,
                -0.20729669441891602,
                -0.29155428610962636,
                0.8128092524709908,
                -0.5043185673249153,
                -3.970200703677084,
                0.0,
                0.0,
                0.0,
                1.0
            ],
            "fov": 25.506965541534004,
            "aspect": 1,
            "file_path": "images/frame_00023.JPG"
        },
        {
            "camera_to_world": [
                0.9510752854960999,
                0.27288670762939893,
                -0.14487458754971114,
                0.8125469125078255,
                -0.0047624291037068394,
                -0.4559073472167857,
                -0.8900144998946845,
                -0.40093384961260037,
                -0.3089225155076013,
                0.8471607495351399,
                -0.4323026068155451,
                -3.0430298454744684,
                0.0,
                0.0,
                0.0,
                1.0
            ],
            "fov": 25.506965541534004,
            "aspect": 1,
            "file_path": "images/frame_00024.JPG"
        },
        {
            "camera_to_world": [
                0.9644034106843384,
                0.24319625864407537,
                0.10383468226916881,
                3.1173189640488737,
                0.07656642356159496,
                0.11903358973110602,
                -0.9899336277239567,
                -2.043214744969015,
                -0.2531079695375112,
                0.9626456171911089,
                0.0961757321747414,
                0.7689669962247807,
                0.0,
                0.0,
                0.0,
                1.0
            ],
            "fov": 25.506965541534004,
            "aspect": 1,
            "file_path": "images/frame_00025.JPG"
        },
        {
            "camera_to_world": [
                0.8219316277107187,
                0.34261057391939986,
                -0.4550235092909245,
                0.6780887278009393,
                -0.14640073848955967,
                -0.6449524472651647,
                -0.7500687732044219,
                0.3666138847916831,
                -0.5504500187469523,
                0.6831210254451946,
                -0.4799483737405361,
                -1.7958603467299175,
                0.0,
                0.0,
                0.0,
                1.0
            ],
            "fov": 25.506965541534004,
            "aspect": 1,
            "file_path": "images/frame_00028.JPG"
        },
        {
            "camera_to_world": [
                0.9670759655814827,
                0.20741695306700297,
                -0.14745265129879395,
                -2.5543179508149865,
                -0.024479187896638634,
                -0.5009054329374105,
                -0.8651557759234497,
                0.9818592115978648,
                -0.25330780910695216,
                0.840280878536568,
                -0.4793362066558814,
                -0.19324136315731708,
                0.0,
                0.0,
                0.0,
                1.0
            ],
            "fov": 25.506965541534004,
            "aspect": 1,
            "file_path": "images/frame_00030.JPG"
        },
        {
            "camera_to_world": [
                0.7674179802463608,
                0.4921585530472347,
                -0.41091313225187703,
                -4.240339452401606,
                -0.12314787824428002,
                -0.5158212241728041,
                -0.847798953040638,
                1.2057602673860657,
                -0.6292092209102853,
                0.7012192405769557,
                -0.3352422004553567,
                0.5329253431723266,
                0.0,
                0.0,
                0.0,
                1.0
            ],
            "fov": 25.506965541534004,
            "aspect": 1,
            "file_path": "images/frame_00031.JPG"
        },
        {
            "camera_to_world": [
                0.3817688379281022,
                0.7889717117783039,
                -0.4814313994751896,
                -5.303308625970469,
                -0.12797280349088444,
                -0.4707446372476466,
                -0.8729389715605925,
                0.9161090069202089,
                -0.9153554041757279,
                0.39487102263421997,
                -0.0787487112916485,
                2.077664634165597,
                0.0,
                0.0,
                0.0,
                1.0
            ],
            "fov": 25.506965541534004,
            "aspect": 1,
            "file_path": "images/frame_00032.JPG"
        },
        {
            "camera_to_world": [
                0.9786037580132693,
                -0.2039179078494464,
                0.027425748132212335,
                -1.2421866950843468,
                -0.05536715892522456,
                -0.3893637883253108,
                -0.919418467322422,
                0.08802004559177622,
                0.19816448348494692,
                0.898227881553043,
                -0.39232322170103184,
                0.11038606087313253,
                0.0,
                0.0,
                0.0,
                1.0
            ],
            "fov": 25.506965541534004,
            "aspect": 1,
            "file_path": "images/frame_00033.JPG"
        },
        {
            "camera_to_world": [
                0.9731806000665408,
                0.13353885953177186,
                -0.18731495575388832,
                -2.8291883766677466,
                -0.049309575089746704,
                -0.6742443948869447,
                -0.7368602728930408,
                2.0289027462513425,
                -0.22469553947196205,
                0.7263345434154235,
                -0.6495768203860974,
                -1.2147232842827345,
                0.0,
                0.0,
                0.0,
                1.0
            ],
            "fov": 25.506965541534004,
            "aspect": 1,
            "file_path": "images/frame_00034.JPG"
        },
        {
            "camera_to_world": [
                0.999955097812411,
                0.008230939367284756,
                0.004696168236317593,
                4.043292379053771,
                0.004912224227629371,
                -0.026428631051570547,
                -0.999638633464052,
                -0.6927741520027995,
                -0.00810385168356426,
                0.9996168161339984,
                -0.026467876567997473,
                -0.9920560586918472,
                0.0,
                0.0,
                0.0,
                1.0
            ],
            "fov": 25.506965541534004,
            "aspect": 1,
            "file_path": "images/frame_00041.JPG"
        },
        {
            "camera_to_world": [
                0.9884757904205524,
                -0.05104198700344782,
                0.14251430565106002,
                4.853815851309466,
                0.10030317577164569,
                -0.4842773162538535,
                -0.8691459911269724,
                0.31810594162058947,
                0.11337938385167846,
                0.873424408019781,
                -0.47357672957263086,
                -3.8457159533401115,
                0.0,
                0.0,
                0.0,
                1.0
            ],
            "fov": 25.506965541534004,
            "aspect": 1,
            "file_path": "images/frame_00042.JPG"
        },
        {
            "camera_to_world": [
                0.6742758250325362,
                0.6965602447792563,
                -0.24526707314630491,
                2.280863342094722,
                -0.1664307201574527,
                -0.1802447670449389,
                -0.9694393427857091,
                -0.6825938025566877,
                -0.7194810123725047,
                0.6944894882904836,
                -0.00560566583536016,
                -0.700616625669238,
                0.0,
                0.0,
                0.0,
                1.0
            ],
            "fov": 25.506965541534004,
            "aspect": 1,
            "file_path": "images/frame_00043.JPG"
        },
        {
            "camera_to_world": [
                0.9764233559131692,
                0.20999325101517263,
                -0.050002645483448314,
                3.574455101276393,
                -0.05297455711897083,
                0.008547842772968344,
                -0.9985592775003281,
                -0.7948406565921987,
                -0.20926329426183085,
                0.9776654688143626,
                0.019470612796701522,
                -0.5291722856659984,
                0.0,
                0.0,
                0.0,
                1.0
            ],
            "fov": 25.506965541534004,
            "aspect": 1,
            "file_path": "images/frame_00044.JPG"
        },
        {
            "camera_to_world": [
                0.9664343235685926,
                0.25236928948414433,
                -0.04810862660464385,
                3.7533050220311672,
                -0.06445155561753636,
                0.05689153252621018,
                -0.9962978221923897,
                -0.3557182525657571,
                -0.24869800000602435,
                0.9659570876866566,
                0.07124752305109398,
                -0.3378583859079041,
                0.0,
                0.0,
                0.0,
                1.0
            ],
            "fov": 25.506965541534004,
            "aspect": 1,
            "file_path": "images/frame_00045.JPG"
        }
    ],
    "fps": 1,
    "seconds": 29,
    "smoothness_value": 0,
    "is_cycle": false,
    "crop": null
}