[
    {
        "file_path": "images/metashape/images_4/frame_00001.JPG",
        "transform": [
            [
                -0.02576347067952156,
                -0.47159314155578613,
                0.8814398050308228,
                0.3119756579399109
            ],
            [
                0.8376020789146423,
                0.47111380100250244,
                0.2765403091907501,
                -0.6494495868682861
            ],
            [
                -0.5456729531288147,
                0.7454204559326172,
                0.3828699588775635,
                0.021466130390763283
            ]
        ]
    },
    {
        "file_path": "images/metashape/images_4/frame_00002.JPG",
        "transform": [
            [
                -0.10456156730651855,
                -0.05946214497089386,
                0.992739200592041,
                0.4476047456264496
            ],
            [
                0.9720128774642944,
                0.2050463855266571,
                0.11466023325920105,
                -0.47013330459594727
            ],
            [
                -0.21037553250789642,
                0.9769443273544312,
                0.03635801374912262,
                -0.09060714393854141
            ]
        ]
    },
    {
        "file_path": "images/metashape/images_4/frame_00003.JPG",
        "transform": [
            [
                -0.2516195774078369,
                -0.06024058163166046,
                0.965949535369873,
                -0.04891066625714302
            ],
            [
                0.9535362720489502,
                -0.18630582094192505,
                0.2367672622203827,
                -0.23520319163799286
            ],
            [
                0.16569902002811432,
                0.9806432127952576,
                0.1043197512626648,
                -0.03688798099756241
            ]
        ]
    },
    {
        "file_path": "images/metashape/images_4/frame_00004.JPG",
        "transform": [
            [
                -0.4060598313808441,
                -0.028132647275924683,
                0.9134133458137512,
                0.03223588690161705
            ],
            [
                0.8863366842269897,
                -0.2555255889892578,
                0.38615280389785767,
                -0.3248966932296753
            ],
            [
                0.22253698110580444,
                0.9663929343223572,
                0.12869367003440857,
                -0.04377402737736702
            ]
        ]
    },
    {
        "file_path": "images/metashape/images_4/frame_00005.JPG",
        "transform": [
            [
                -0.4540143609046936,
                -0.03263981640338898,
                0.8903963565826416,
                0.07628117501735687
            ],
            [
                0.8623124361038208,
                -0.26761311292648315,
                0.42988431453704834,
                -0.4069226384162903
            ],
            [
                0.22425033152103424,
                0.962973415851593,
                0.14964592456817627,
                -0.029355108737945557
            ]
        ]
    },
    {
        "file_path": "images/metashape/images_4/frame_00006.JPG",
        "transform": [
            [
                -0.4946884512901306,
                -0.009504646062850952,
                0.8690183162689209,
                0.1285635232925415
            ],
            [
                0.8348827958106995,
                -0.2829013764858246,
                0.4721626043319702,
                -0.5156176686286926
            ],
            [
                0.24135872721672058,
                0.9591019153594971,
                0.1478833258152008,
                -0.002406525192782283
            ]
        ]
    },
    {
        "file_path": "images/metashape/images_4/frame_00007.JPG",
        "transform": [
            [
                -0.5325142741203308,
                -0.025525152683258057,
                0.8460360765457153,
                0.36132726073265076
            ],
            [
                0.8463392853736877,
                -0.02995622158050537,
                0.5318012237548828,
                -0.6289276480674744
            ],
            [
                0.011769697070121765,
                0.9992251992225647,
                0.037555038928985596,
                0.04889121279120445
            ]
        ]
    },
    {
        "file_path": "images/metashape/images_4/frame_00008.JPG",
        "transform": [
            [
                -0.5331197381019592,
                -0.00575333833694458,
                0.8460201025009155,
                0.1517523229122162
            ],
            [
                0.8449849486351013,
                0.04629725217819214,
                0.5327823162078857,
                -0.1475987285375595
            ],
            [
                -0.042233727872371674,
                0.9989111423492432,
                -0.01982051134109497,
                -0.051247697323560715
            ]
        ]
    },
    {
        "file_path": "images/metashape/images_4/frame_00009.JPG",
        "transform": [
            [
                -0.5195077061653137,
                0.010870471596717834,
                0.8543965816497803,
                -0.008538964204490185
            ],
            [
                0.8531570434570312,
                0.06192006170749664,
                0.5179662108421326,
                0.06173393502831459
            ],
            [
                -0.047273777425289154,
                0.9980219602584839,
                -0.041442155838012695,
                -0.07562639564275742
            ]
        ]
    },
    {
        "file_path": "images/metashape/images_4/frame_00010.JPG",
        "transform": [
            [
                -0.5409135818481445,
                0.014611765742301941,
                0.8409512042999268,
                -0.1020776629447937
            ],
            [
                0.840833842754364,
                0.03349456191062927,
                0.5402560234069824,
                0.20653067529201508
            ],
            [
                -0.02027318626642227,
                0.999332070350647,
                -0.03040376305580139,
                -0.06824200600385666
            ]
        ]
    },
    {
        "file_path": "images/metashape/images_4/frame_00012.JPG",
        "transform": [
            [
                -0.4902700185775757,
                0.0027917325496673584,
                0.871566116809845,
                -0.29825207591056824
            ],
            [
                0.8693147301673889,
                0.07346794009208679,
                0.48876821994781494,
                0.4932836592197418
            ],
            [
                -0.06266767531633377,
                0.9972936511039734,
                -0.03844603896141052,
                -0.09072017669677734
            ]
        ]
    },
    {
        "file_path": "images/metashape/images_4/frame_00013.JPG",
        "transform": [
            [
                -0.5708692669868469,
                0.015706747770309448,
                0.8208906650543213,
                0.39231112599372864
            ],
            [
                0.8205384612083435,
                0.04588967561721802,
                0.569746196269989,
                -0.505530059337616
            ],
            [
                -0.028721585869789124,
                0.9988230466842651,
                -0.03908497095108032,
                -0.10294480621814728
            ]
        ]
    },
    {
        "file_path": "images/metashape/images_4/frame_00014.JPG",
        "transform": [
            [
                -0.5465950965881348,
                0.021801665425300598,
                0.8371131420135498,
                0.3312946856021881
            ],
            [
                0.8368141055107117,
                0.05151495337486267,
                0.5450581908226013,
                -0.3880866467952728
            ],
            [
                -0.03124067932367325,
                0.9984342455863953,
                -0.0464017391204834,
                -0.10688126087188721
            ]
        ]
    },
    {
        "file_path": "images/metashape/images_4/frame_00015.JPG",
        "transform": [
            [
                -0.5359413027763367,
                0.034707844257354736,
                0.8435415029525757,
                0.27485373616218567
            ],
            [
                0.8440932035446167,
                0.04160216450691223,
                0.5345801711082458,
                -0.28833478689193726
            ],
            [
                -0.016539014875888824,
                0.9985312819480896,
                -0.05159294605255127,
                -0.1109568327665329
            ]
        ]
    },
    {
        "file_path": "images/metashape/images_4/frame_00016.JPG",
        "transform": [
            [
                -0.5310314297676086,
                0.026412054896354675,
                0.8469404578208923,
                0.15293945372104645
            ],
            [
                0.8467171788215637,
                0.055226922035217285,
                0.5291692018508911,
                -0.11364224553108215
            ],
            [
                -0.032797470688819885,
                0.9981244206428528,
                -0.05169078707695007,
                -0.12031856924295425
            ]
        ]
    },
    {
        "file_path": "images/metashape/images_4/frame_00017.JPG",
        "transform": [
            [
                -0.5240998268127441,
                0.006726011633872986,
                0.8516302108764648,
                0.011080743744969368
            ],
            [
                0.8514796495437622,
                0.02453368902206421,
                0.5238134264945984,
                0.09611102938652039
            ],
            [
                -0.01737046241760254,
                0.9996763467788696,
                -0.018585175275802612,
                -0.14519360661506653
            ]
        ]
    },
    {
        "file_path": "images/metashape/images_4/frame_00018.JPG",
        "transform": [
            [
                -0.5444375276565552,
                -0.008185550570487976,
                0.8387614488601685,
                -0.08170571178197861
            ],
            [
                0.8381066918373108,
                0.03537967801094055,
                0.5443578362464905,
                0.23203878104686737
            ],
            [
                -0.03413093835115433,
                0.9993404150009155,
                -0.01240164041519165,
                -0.15528236329555511
            ]
        ]
    },
    {
        "file_path": "images/metashape/images_4/frame_00019.JPG",
        "transform": [
            [
                -0.5270501375198364,
                0.0019467324018478394,
                0.8498318791389465,
                -0.20015087723731995
            ],
            [
                0.8495980501174927,
                0.02478247880935669,
                0.5268482565879822,
                0.3541703224182129
            ],
            [
                -0.02003532648086548,
                0.9996908903121948,
                -0.01471555233001709,
                -0.14226268231868744
            ]
        ]
    },
    {
        "file_path": "images/metashape/images_4/frame_00020.JPG",
        "transform": [
            [
                -0.5365234017372131,
                0.004630938172340393,
                0.8438727259635925,
                -0.28385552763938904
            ],
            [
                0.8438200950622559,
                0.015392661094665527,
                0.5364054441452026,
                0.4615413248538971
            ],
            [
                -0.01050540804862976,
                0.999870777130127,
                -0.012166202068328857,
                -0.13607467710971832
            ]
        ]
    },
    {
        "file_path": "images/metashape/images_4/frame_00022.JPG",
        "transform": [
            [
                -0.4987272620201111,
                -0.00023481249809265137,
                0.8667588829994202,
                0.2694821357727051
            ],
            [
                0.8651776313781738,
                0.06024324893951416,
                0.497833788394928,
                -0.1806771159172058
            ],
            [
                -0.052333272993564606,
                0.9981836676597595,
                -0.02984181046485901,
                -0.20857544243335724
            ]
        ]
    },
    {
        "file_path": "images/metashape/images_4/frame_00023.JPG",
        "transform": [
            [
                -0.4993988275527954,
                -0.0004944056272506714,
                0.8663721084594727,
                0.2668082118034363
            ],
            [
                0.8643226623535156,
                0.0684594213962555,
                0.4982565939426422,
                -0.15896975994110107
            ],
            [
                -0.059557653963565826,
                0.9976538419723511,
                -0.03376123309135437,
                -0.20834623277187347
            ]
        ]
    },
    {
        "file_path": "images/metashape/images_4/frame_00024.JPG",
        "transform": [
            [
                -0.4622586965560913,
                0.014072522521018982,
                0.8866334557533264,
                0.14755584299564362
            ],
            [
                0.8859636783599854,
                0.04929715394973755,
                0.46112704277038574,
                -0.002453669672831893
            ],
            [
                -0.03721928596496582,
                0.9986850023269653,
                -0.035255759954452515,
                -0.22740426659584045
            ]
        ]
    },
    {
        "file_path": "images/metashape/images_4/frame_00025.JPG",
        "transform": [
            [
                -0.5496530532836914,
                -0.08372165262699127,
                0.8311871886253357,
                0.18173135817050934
            ],
            [
                0.8341274261474609,
                -0.0002517104148864746,
                0.5515719056129456,
                -0.23624777793884277
            ],
            [
                -0.04596930742263794,
                0.9964891672134399,
                0.06997287273406982,
                -0.1311069130897522
            ]
        ]
    },
    {
        "file_path": "images/metashape/images_4/frame_00026.JPG",
        "transform": [
            [
                -0.5205148458480835,
                -0.08362118899822235,
                0.8497480750083923,
                -0.027171822264790535
            ],
            [
                0.852461576461792,
                0.005892425775527954,
                0.522756814956665,
                0.0627666637301445
            ],
            [
                -0.04872060567140579,
                0.9964801669120789,
                0.06821677088737488,
                -0.15727461874485016
            ]
        ]
    },
    {
        "file_path": "images/metashape/images_4/frame_00027.JPG",
        "transform": [
            [
                -0.518344521522522,
                -0.03111661970615387,
                0.8546055555343628,
                -0.16749075055122375
            ],
            [
                0.8551533222198486,
                -0.012275785207748413,
                0.5182298421859741,
                0.24347282946109772
            ],
            [
                -0.005634620785713196,
                0.9994403719902039,
                0.0329725444316864,
                -0.16510413587093353
            ]
        ]
    },
    {
        "file_path": "images/metashape/images_4/frame_00028.JPG",
        "transform": [
            [
                -0.5533454418182373,
                -0.01669105887413025,
                0.8327845931053162,
                0.35249659419059753
            ],
            [
                0.8317006230354309,
                0.04370981454849243,
                0.5535012483596802,
                -0.524864673614502
            ],
            [
                -0.045639410614967346,
                0.998904824256897,
                -0.010304689407348633,
                -0.17367775738239288
            ]
        ]
    },
    {
        "file_path": "images/metashape/images_4/frame_00029.JPG",
        "transform": [
            [
                -0.504722535610199,
                -0.011741280555725098,
                0.8632017374038696,
                0.2697986364364624
            ],
            [
                0.860582709312439,
                0.07216079533100128,
                0.5041728019714355,
                -0.36517858505249023
            ],
            [
                -0.0682089552283287,
                0.9973238706588745,
                -0.026316851377487183,
                -0.19331936538219452
            ]
        ]
    },
    {
        "file_path": "images/metashape/images_4/frame_00030.JPG",
        "transform": [
            [
                -0.48558932542800903,
                -0.010574877262115479,
                0.8741230964660645,
                0.20831646025180817
            ],
            [
                0.8708791732788086,
                0.0810527503490448,
                0.4847678542137146,
                -0.24544262886047363
            ],
            [
                -0.07597643882036209,
                0.99665367603302,
                -0.03014892339706421,
                -0.19763757288455963
            ]
        ]
    },
    {
        "file_path": "images/metashape/images_4/frame_00032.JPG",
        "transform": [
            [
                -0.49338498711586,
                -0.03667430579662323,
                0.8690374493598938,
                0.08919836580753326
            ],
            [
                0.8687545657157898,
                0.02845063805580139,
                0.4944249987602234,
                -0.03737085312604904
            ],
            [
                -0.042857371270656586,
                0.9989222288131714,
                0.017823845148086548,
                -0.22005951404571533
            ]
        ]
    },
    {
        "file_path": "images/metashape/images_4/frame_00033.JPG",
        "transform": [
            [
                -0.5006913542747498,
                -0.03670620918273926,
                0.8648472428321838,
                -0.004248591139912605
            ],
            [
                0.8654862642288208,
                -0.00328141450881958,
                0.5009219646453857,
                0.09555525332689285
            ],
            [
                -0.015549033880233765,
                0.9993206858634949,
                0.03341168165206909,
                -0.23721078038215637
            ]
        ]
    },
    {
        "file_path": "images/metashape/images_4/frame_00034.JPG",
        "transform": [
            [
                -0.5137536525726318,
                -0.012361794710159302,
                0.857848584651947,
                -0.1852385699748993
            ],
            [
                0.8578471541404724,
                -0.021925806999206543,
                0.5134369134902954,
                0.36200860142707825
            ],
            [
                0.012462064623832703,
                0.999683141708374,
                0.021869033575057983,
                -0.2369806319475174
            ]
        ]
    },
    {
        "file_path": "images/metashape/images_4/frame_00035.JPG",
        "transform": [
            [
                -0.5381513833999634,
                -0.019728004932403564,
                0.8426172733306885,
                -0.29875749349594116
            ],
            [
                0.8425082564353943,
                -0.0409814715385437,
                0.5371223092079163,
                0.47964051365852356
            ],
            [
                0.023935332894325256,
                0.9989651441574097,
                0.03867524862289429,
                -0.20649312436580658
            ]
        ]
    },
    {
        "file_path": "images/metashape/images_4/frame_00036.JPG",
        "transform": [
            [
                -0.5734307765960693,
                -0.1854451298713684,
                0.7979894876480103,
                0.2287401407957077
            ],
            [
                0.8192476630210876,
                -0.12595725059509277,
                0.5594354867935181,
                -0.6653980016708374
            ],
            [
                -0.003232024610042572,
                0.9745485782623291,
                0.2241532802581787,
                0.13336162269115448
            ]
        ]
    },
    {
        "file_path": "images/metashape/images_4/frame_00037.JPG",
        "transform": [
            [
                -0.5191823840141296,
                -0.3450152277946472,
                0.7819296717643738,
                0.24584199488162994
            ],
            [
                0.853624165058136,
                -0.16422446072101593,
                0.4943240284919739,
                -0.6580958366394043
            ],
            [
                -0.04213730990886688,
                0.9241183996200562,
                0.379775732755661,
                0.23369231820106506
            ]
        ]
    },
    {
        "file_path": "images/metashape/images_4/frame_00038.JPG",
        "transform": [
            [
                -0.512363612651825,
                -0.298412024974823,
                0.805253803730011,
                0.15775668621063232
            ],
            [
                0.856989860534668,
                -0.11735112965106964,
                0.5017938613891602,
                -0.4949093461036682
            ],
            [
                -0.05524389445781708,
                0.947195291519165,
                0.3158625364303589,
                0.18432405591011047
            ]
        ]
    },
    {
        "file_path": "images/metashape/images_4/frame_00039.JPG",
        "transform": [
            [
                -0.5182116031646729,
                -0.31098073720932007,
                0.7967104911804199,
                0.10422537475824356
            ],
            [
                0.8540024161338806,
                -0.13780519366264343,
                0.5016868114471436,
                -0.35252800583839417
            ],
            [
                -0.046224117279052734,
                0.94037264585495,
                0.3369905650615692,
                0.15807628631591797
            ]
        ]
    },
    {
        "file_path": "images/metashape/images_4/frame_00040.JPG",
        "transform": [
            [
                -0.6033883690834045,
                -0.05892345309257507,
                0.7952675819396973,
                0.23326648771762848
            ],
            [
                0.7973577976226807,
                -0.029616743326187134,
                0.6027798056602478,
                -0.6427143216133118
            ],
            [
                -0.011964641511440277,
                0.9978230595588684,
                0.06485342979431152,
                0.07482771575450897
            ]
        ]
    },
    {
        "file_path": "images/metashape/images_4/frame_00042.JPG",
        "transform": [
            [
                -0.5528351664543152,
                -0.08439391851425171,
                0.829006016254425,
                0.14942480623722076
            ],
            [
                0.8319715857505798,
                5.3554773330688477e-05,
                0.5548182725906372,
                -0.5164265632629395
            ],
            [
                -0.0468677282333374,
                0.9964324235916138,
                0.07018372416496277,
                0.06020282581448555
            ]
        ]
    },
    {
        "file_path": "images/metashape/images_4/frame_00043.JPG",
        "transform": [
            [
                -0.5263399481773376,
                -0.07503968477249146,
                0.8469564914703369,
                0.090569406747818
            ],
            [
                0.8492541909217834,
                0.002381622791290283,
                0.5279788374900818,
                -0.3984658420085907
            ],
            [
                -0.04163651913404465,
                0.9971777200698853,
                0.062474220991134644,
                0.04993487149477005
            ]
        ]
    },
    {
        "file_path": "images/metashape/images_4/frame_00044.JPG",
        "transform": [
            [
                -0.5267491936683655,
                -0.07591383159160614,
                0.8466241359710693,
                0.09225714951753616
            ],
            [
                0.8488895893096924,
                0.004387468099594116,
                0.5285520553588867,
                -0.392428994178772
            ],
            [
                -0.043838948011398315,
                0.9971047639846802,
                0.062131404876708984,
                0.04756787419319153
            ]
        ]
    },
    {
        "file_path": "images/metashape/images_4/frame_00045.JPG",
        "transform": [
            [
                -0.5267040729522705,
                -0.07400764524936676,
                0.8468209505081177,
                -0.13420256972312927
            ],
            [
                0.8485742211341858,
                0.012873411178588867,
                0.5289196372032166,
                -0.055856768041849136
            ],
            [
                -0.05004558712244034,
                0.9971745014190674,
                0.056020528078079224,
                0.011353309266269207
            ]
        ]
    },
    {
        "file_path": "images/metashape/images_4/frame_00046.JPG",
        "transform": [
            [
                -0.5213853716850281,
                -0.08730308711528778,
                0.8488435745239258,
                -0.2400663197040558
            ],
            [
                0.852572500705719,
                -0.01163095235824585,
                0.5224795341491699,
                0.1383616030216217
            ],
            [
                -0.03574122488498688,
                0.9961138963699341,
                0.0804964005947113,
                0.01901126839220524
            ]
        ]
    },
    {
        "file_path": "images/metashape/images_4/frame_00047.JPG",
        "transform": [
            [
                -0.5481454133987427,
                -0.12542691826820374,
                0.8269248008728027,
                -0.27799034118652344
            ],
            [
                0.8363161683082581,
                -0.06969848275184631,
                0.5437989234924316,
                0.24461817741394043
            ],
            [
                -0.010571636259555817,
                0.9896515607833862,
                0.14310145378112793,
                0.046388883143663406
            ]
        ]
    },
    {
        "file_path": "images/metashape/images_4/frame_00048.JPG",
        "transform": [
            [
                -0.4999452829360962,
                -0.11905929446220398,
                0.8578342199325562,
                -0.3857578635215759
            ],
            [
                0.865831732749939,
                -0.04611822962760925,
                0.4982054531574249,
                0.44537198543548584
            ],
            [
                -0.019754186272621155,
                0.991815447807312,
                0.12614187598228455,
                0.02504776231944561
            ]
        ]
    },
    {
        "file_path": "images/metashape/images_4/frame_00049.JPG",
        "transform": [
            [
                -0.4952865242958069,
                -0.12318801879882812,
                0.8599511384963989,
                -0.38328248262405396
            ],
            [
                0.868280291557312,
                -0.038362205028533936,
                0.49458831548690796,
                0.44771808385849
            ],
            [
                -0.027937710285186768,
                0.9916415214538574,
                0.1259620189666748,
                0.02342805452644825
            ]
        ]
    },
    {
        "file_path": "images/metashape/images_4/frame_00050.JPG",
        "transform": [
            [
                -0.4971025288105011,
                -0.3700332045555115,
                0.7848340272903442,
                0.3005000948905945
            ],
            [
                0.8651079535484314,
                -0.14160987734794617,
                0.48118075728416443,
                -0.6284799575805664
            ],
            [
                -0.06691262125968933,
                0.9181622862815857,
                0.39051327109336853,
                0.12070287764072418
            ]
        ]
    },
    {
        "file_path": "images/metashape/images_4/frame_00052.JPG",
        "transform": [
            [
                -0.5401255488395691,
                -0.3285965025424957,
                0.7747829556465149,
                0.10469188541173935
            ],
            [
                0.841580867767334,
                -0.20820772647857666,
                0.4983886480331421,
                -0.3338027596473694
            ],
            [
                -0.0024529695510864258,
                0.9212350249290466,
                0.3889988660812378,
                0.07228083908557892
            ]
        ]
    },
    {
        "file_path": "images/metashape/images_4/frame_00053.JPG",
        "transform": [
            [
                -0.5337802767753601,
                -0.3353639841079712,
                0.7762792706489563,
                0.06390158087015152
            ],
            [
                0.845552921295166,
                -0.19983863830566406,
                0.4950805902481079,
                -0.24462442100048065
            ],
            [
                -0.010901600122451782,
                0.9206494688987732,
                0.3902379274368286,
                0.06296154856681824
            ]
        ]
    },
    {
        "file_path": "images/metashape/images_4/frame_00054.JPG",
        "transform": [
            [
                -0.5337544083595276,
                -0.32983046770095825,
                0.778664231300354,
                0.049582626670598984
            ],
            [
                0.8454065918922424,
                -0.18651419878005981,
                0.500499963760376,
                -0.21313583850860596
            ],
            [
                -0.019848182797431946,
                0.9254319667816162,
                0.37839367985725403,
                0.06251026690006256
            ]
        ]
    },
    {
        "file_path": "images/metashape/images_4/frame_00055.JPG",
        "transform": [
            [
                -0.5219876766204834,
                -0.34928393363952637,
                0.7781578302383423,
                -0.03598228469491005
            ],
            [
                0.8524109125137329,
                -0.18109405040740967,
                0.4905107021331787,
                -0.09106023609638214
            ],
            [
                -0.030407771468162537,
                0.9193506836891174,
                0.39226222038269043,
                0.05066145211458206
            ]
        ]
    },
    {
        "file_path": "images/metashape/images_4/frame_00056.JPG",
        "transform": [
            [
                -0.5230824947357178,
                -0.3588367700576782,
                0.7730593681335449,
                -0.048195768147706985
            ],
            [
                0.850493311882019,
                -0.16103757917881012,
                0.5007274150848389,
                -0.07616173475980759
            ],
            [
                -0.05518781393766403,
                0.9194036722183228,
                0.389424204826355,
                0.03643639013171196
            ]
        ]
    },
    {
        "file_path": "images/metashape/images_4/frame_00057.JPG",
        "transform": [
            [
                -0.5468121767044067,
                -0.3257320523262024,
                0.771294355392456,
                -0.2225024253129959
            ],
            [
                0.8368914127349854,
                -0.18548719584941864,
                0.5149828195571899,
                0.16129714250564575
            ],
            [
                -0.024681195616722107,
                0.9270884990692139,
                0.3740290403366089,
                0.02384551614522934
            ]
        ]
    },
    {
        "file_path": "images/metashape/images_4/frame_00058.JPG",
        "transform": [
            [
                -0.5458057522773743,
                -0.3388499617576599,
                0.766339898109436,
                -0.3490862250328064
            ],
            [
                0.8375833630561829,
                -0.1950308233499527,
                0.5103108882904053,
                0.307635635137558
            ],
            [
                -0.023458950221538544,
                0.9204040765762329,
                0.3902640640735626,
                0.0097515182569623
            ]
        ]
    },
    {
        "file_path": "images/metashape/images_4/frame_00059.JPG",
        "transform": [
            [
                -0.5568431615829468,
                -0.2333134412765503,
                0.7971766591072083,
                -0.16196413338184357
            ],
            [
                0.8298718333244324,
                -0.19693554937839508,
                0.5220432281494141,
                0.04742151126265526
            ],
            [
                0.03519272804260254,
                0.952250599861145,
                0.3032824397087097,
                0.061886563897132874
            ]
        ]
    },
    {
        "file_path": "images/metashape/images_4/frame_00060.JPG",
        "transform": [
            [
                -0.5019124150276184,
                -0.3633382320404053,
                0.7849007844924927,
                -0.4278821349143982
            ],
            [
                0.8639366626739502,
                -0.16738000512123108,
                0.47497087717056274,
                0.41327762603759766
            ],
            [
                -0.04119843989610672,
                0.9164983034133911,
                0.3979113698005676,
                -0.02394094318151474
            ]
        ]
    },
    {
        "file_path": "images/metashape/images_4/frame_00062.JPG",
        "transform": [
            [
                -0.5217841863632202,
                -0.46910953521728516,
                0.7125148773193359,
                0.24839845299720764
            ],
            [
                0.8502750396728516,
                -0.2183421552181244,
                0.4789144992828369,
                -0.40832656621932983
            ],
            [
                -0.0690913051366806,
                0.8557236790657043,
                0.5127996206283569,
                0.06746811419725418
            ]
        ]
    },
    {
        "file_path": "images/metashape/images_4/frame_00063.JPG",
        "transform": [
            [
                -0.5311778783798218,
                -0.46297115087509155,
                0.7095827460289001,
                0.1678619086742401
            ],
            [
                0.8465145826339722,
                -0.2548670172691345,
                0.46739262342453003,
                -0.29220184683799744
            ],
            [
                -0.03554006665945053,
                0.8489407896995544,
                0.5272915363311768,
                0.0420868918299675
            ]
        ]
    },
    {
        "file_path": "images/metashape/images_4/frame_00064.JPG",
        "transform": [
            [
                -0.5413470268249512,
                -0.4303590655326843,
                0.722311794757843,
                0.08996962010860443
            ],
            [
                0.8407928943634033,
                -0.27375274896621704,
                0.46704035997390747,
                -0.20246514678001404
            ],
            [
                -0.0032602399587631226,
                0.8601455688476562,
                0.5100381374359131,
                0.0397021509706974
            ]
        ]
    },
    {
        "file_path": "images/metashape/images_4/frame_00065.JPG",
        "transform": [
            [
                -0.5513674020767212,
                -0.39838236570358276,
                0.7329975366592407,
                0.018259180709719658
            ],
            [
                0.8339830040931702,
                -0.2859446406364441,
                0.4719194173812866,
                -0.04440569132566452
            ],
            [
                0.021592378616333008,
                0.8715085387229919,
                0.4899047017097473,
                -0.0013536886544898152
            ]
        ]
    },
    {
        "file_path": "images/metashape/images_4/frame_00066.JPG",
        "transform": [
            [
                -0.5502825975418091,
                -0.36660850048065186,
                0.7501914501190186,
                -0.09339732676744461
            ],
            [
                0.8349554538726807,
                -0.24827025830745697,
                0.49113261699676514,
                0.09804487973451614
            ],
            [
                0.006196871399879456,
                0.8966382145881653,
                0.44272053241729736,
                -0.002207302488386631
            ]
        ]
    },
    {
        "file_path": "images/metashape/images_4/frame_00067.JPG",
        "transform": [
            [
                -0.5654125809669495,
                -0.3577360510826111,
                0.7431913614273071,
                -0.21165360510349274
            ],
            [
                0.8236080408096313,
                -0.2934655249118805,
                0.485332727432251,
                0.24088165163993835
            ],
            [
                0.04447998106479645,
                0.8865116238594055,
                0.46056342124938965,
                -0.010969300754368305
            ]
        ]
    },
    {
        "file_path": "images/metashape/images_4/frame_00068.JPG",
        "transform": [
            [
                -0.6104031205177307,
                -0.20877273380756378,
                0.7640823721885681,
                0.16530753672122955
            ],
            [
                0.7919294238090515,
                -0.1413748860359192,
                0.5940210223197937,
                -0.5152863264083862
            ],
            [
                -0.015993326902389526,
                0.9676916003227234,
                0.25162893533706665,
                -0.012141792103648186
            ]
        ]
    },
    {
        "file_path": "images/metashape/images_4/frame_00069.JPG",
        "transform": [
            [
                -0.5562797784805298,
                -0.2502617835998535,
                0.7924151420593262,
                0.33500605821609497
            ],
            [
                0.8309934735298157,
                -0.16565923392772675,
                0.5310432314872742,
