[
    {
        "file_path": "images/metashape/images_4/frame_00011.JPG",
        "transform": [
            [
                -0.5049139857292175,
                0.012319356203079224,
                0.863081693649292,
                -0.1884586066007614
            ],
            [
                0.862337052822113,
                0.05110689997673035,
                0.503748893737793,
                0.3373383581638336
            ],
            [
                -0.03790358453989029,
                0.9986171722412109,
                -0.03642800450325012,
                -0.07840954512357712
            ]
        ]
    },
    {
        "file_path": "images/metashape/images_4/frame_00021.JPG",
        "transform": [
            [
                -0.5040614008903503,
                0.006466299295425415,
                0.8636435270309448,
                0.3629738390445709
            ],
            [
                0.8629112839698792,
                0.04561534523963928,
                0.5032925009727478,
                -0.3256473243236542
            ],
            [
                -0.03614097833633423,
                0.9989380836486816,
                -0.028572767972946167,
                -0.2026645839214325
            ]
        ]
    },
    {
        "file_path": "images/metashape/images_4/frame_00031.JPG",
        "transform": [
            [
                -0.49631989002227783,
                -0.010802656412124634,
                0.8680724501609802,
                0.14756692945957184
            ],
            [
                0.8668708205223083,
                0.047876447439193726,
                0.4962286353111267,
                -0.14745080471038818
            ],
            [
                -0.046920813620090485,
                0.9987948536872864,
                -0.014397531747817993,
                -0.20807980000972748
            ]
        ]
    },
    {
        "file_path": "images/metashape/images_4/frame_00041.JPG",
        "transform": [
            [
                -0.5515553951263428,
                -0.0821225494146347,
                0.8300858736038208,
                0.15694960951805115
            ],
            [
                0.8327450156211853,
                0.0032803118228912354,
                0.5536469221115112,
                -0.5306645035743713
            ],
            [
                -0.04818986356258392,
                0.9966168403625488,
                0.06657785177230835,
                0.060801029205322266
            ]
        ]
    },
    {
        "file_path": "images/metashape/images_4/frame_00051.JPG",
        "transform": [
            [
                -0.5185593962669373,
                -0.36838799715042114,
                0.7716128826141357,
                0.1924697607755661
            ],
            [
                0.8531857132911682,
                -0.16350790858268738,
                0.4953173100948334,
                -0.4402364492416382
            ],
            [
                -0.05630416423082352,
                0.9151805639266968,
                0.3990919589996338,
                0.06636824458837509
            ]
        ]
    },
    {
        "file_path": "images/metashape/images_4/frame_00061.JPG",
        "transform": [
            [
                -0.5482581257820129,
                -0.42537254095077515,
                0.7200495004653931,
                0.32055196166038513
            ],
            [
                0.8338261246681213,
                -0.2117360681295395,
                0.5098056197166443,
                -0.5400362014770508
            ],
            [
                -0.06439687311649323,
                0.8799011707305908,
                0.4707726836204529,
                0.11439921706914902
            ]
        ]
    },
    {
        "file_path": "images/metashape/images_4/frame_00071.JPG",
        "transform": [
            [
                -0.5515574812889099,
                -0.19888806343078613,
                0.8100789189338684,
                0.2358439862728119
            ],
            [
                0.8339016437530518,
                -0.10840979218482971,
                0.5411612391471863,
                -0.5728394985198975
            ],
            [
                -0.019810006022453308,
                0.9740076065063477,
                0.22564733028411865,
                0.16070866584777832
            ]
        ]
    },
    {
        "file_path": "images/metashape/images_4/frame_00081.JPG",
        "transform": [
            [
                -0.5184499621391296,
                -0.13830435276031494,
                0.8438491821289062,
                -0.4146971106529236
            ],
            [
                0.8534010052680969,
                -0.021363168954849243,
                0.5208171606063843,
                0.42630594968795776
            ],
            [
                -0.0540039986371994,
                0.9901593327522278,
                0.12910479307174683,
                0.01365084107965231
            ]
        ]
    },
    {
        "file_path": "images/metashape/images_4/frame_00091.JPG",
        "transform": [
            [
                -0.4716731607913971,
                -0.2008083015680313,
                0.8586037158966064,
                -0.07548829168081284
            ],
            [
                0.8796344995498657,
                -0.03937360644340515,
                0.47401779890060425,
                0.031042058020830154
            ],
            [
                -0.061380401253700256,
                0.9788389801979065,
                0.19520938396453857,
                -0.036619458347558975
            ]
        ]
    },
    {
        "file_path": "images/metashape/images_4/frame_00101.JPG",
        "transform": [
            [
                -0.4925863444805145,
                -0.2719994783401489,
                0.826664924621582,
                0.28086531162261963
            ],
            [
                0.8672005534172058,
                -0.07378831505775452,
                0.4924616813659668,
                -0.25231674313545227
            ],
            [
                -0.07295113056898117,
                0.9594641923904419,
                0.27222520112991333,
                -0.07050848752260208
            ]
        ]
    },
    {
        "file_path": "images/metashape/images_4/frame_00111.JPG",
        "transform": [
            [
                -0.55221027135849,
                -0.26774847507476807,
                0.7895406484603882,
                0.26909592747688293
            ],
            [
                0.831815779209137,
                -0.11322686076164246,
                0.5433803796768188,
                -0.3370606601238251
            ],
            [
                -0.05609206110239029,
                0.9568126201629639,
                0.28524249792099,
                -0.006778609938919544
            ]
        ]
    },
    {
        "file_path": "images/metashape/images_4/frame_00121.JPG",
        "transform": [
            [
                -0.47299766540527344,
                -0.3965572714805603,
                0.7867753505706787,
                0.31384891271591187
            ],
            [
                0.8786031007766724,
                -0.1456051468849182,
                0.45481401681900024,
                -0.32062628865242004
            ],
            [
                -0.065801240503788,
                0.9063892960548401,
                0.41728731989860535,
                0.26442569494247437
            ]
        ]
    },
    {
        "file_path": "images/metashape/images_4/frame_00131.JPG",
        "transform": [
            [
                -0.5259714722633362,
                -0.3714618980884552,
                0.7650948166847229,
                0.21390707790851593
            ],
            [
                0.847156286239624,
                -0.14910179376602173,
                0.5099949240684509,
                0.1311013102531433
            ],
            [
                -0.07536669075489044,
                0.9163976907730103,
                0.39310961961746216,
                0.2545677721500397
            ]
        ]
    },
    {
        "file_path": "images/metashape/images_4/frame_00141.JPG",
        "transform": [
            [
                -0.6185075044631958,
                -0.366984486579895,
                0.6948171257972717,
                -0.1880943328142166
            ],
            [
                0.785526692867279,
                -0.2663688659667969,
                0.5585654973983765,
                0.5582727193832397
            ],
            [
                -0.019907169044017792,
                0.8912743330001831,
                0.45302727818489075,
                0.2520856559276581
            ]
        ]
    },
    {
        "file_path": "images/metashape/images_4/frame_00151.JPG",
        "transform": [
            [
                -0.6710705757141113,
                -0.342460036277771,
                0.6575601696968079,
                -0.045015621930360794
            ],
            [
                0.7412461042404175,
                -0.29223114252090454,
                0.6042807698249817,
                0.3245820701122284
            ],
            [
                -0.014782458543777466,
                0.892928957939148,
                0.4499548673629761,
                0.28890252113342285
            ]
        ]
    },
    {
        "file_path": "images/metashape/images_4/frame_00161.JPG",
        "transform": [
            [
                -0.576778769493103,
                -0.44920456409454346,
                0.6823059320449829,
                0.3611522912979126
            ],
            [
                0.8124515414237976,
                -0.22838716208934784,
                0.5364342927932739,
                -0.06566591560840607
            ],
            [
                -0.08513881266117096,
                0.8637444972991943,
                0.49668580293655396,
                0.3549312353134155
            ]
        ]
    },
    {
        "file_path": "images/metashape/images_4/frame_00171.JPG",
        "transform": [
            [
                -0.5593465566635132,
                -0.41182947158813477,
                0.7193940877914429,
                0.3892121911048889
            ],
            [
                0.824127733707428,
                -0.18296214938163757,
                0.5360396504402161,
                -0.1900375485420227
            ],
            [
                -0.089135080575943,
                0.892704427242279,
                0.4417393207550049,
                0.18869540095329285
            ]
        ]
    },
    {
        "file_path": "images/metashape/images_4/frame_00181.JPG",
        "transform": [
            [
                -0.5401754379272461,
                -0.4624752998352051,
                0.7030839920043945,
                0.30816230177879333
            ],
            [
                0.8378316760063171,
                -0.2170650213956833,
                0.5009200572967529,
                0.0615336149930954
            ],
            [
                -0.07904821634292603,
                0.859650731086731,
                0.5047295689582825,
                0.24559526145458221
            ]
        ]
    },
    {
        "file_path": "images/metashape/images_4/frame_00191.JPG",
        "transform": [
            [
                -0.5818673968315125,
                -0.4076654613018036,
                0.7037323117256165,
                0.16598792374134064
            ],
            [
                0.8053663372993469,
                -0.16838198900222778,
                0.5683594942092896,
                0.2515346109867096
            ],
            [
                -0.1132047176361084,
                0.8974721431732178,
                0.42629605531692505,
                0.14714229106903076
            ]
        ]
    },
    {
        "file_path": "images/metashape/images_4/frame_00201.JPG",
        "transform": [
            [
                -0.5692160725593567,
                -0.49155086278915405,
                0.6590681076049805,
                -0.029948655515909195
            ],
            [
                0.8135452270507812,
                -0.220808744430542,
                0.5379477739334106,
                0.4684765636920929
            ],
            [
                -0.11890067160129547,
                0.8423901796340942,
                0.5255866646766663,
                0.2152811586856842
            ]
        ]
    },
    {
        "file_path": "images/metashape/images_4/frame_00211.JPG",
        "transform": [
            [
                -0.6326941251754761,
                -0.2328304499387741,
                0.7385716438293457,
                0.17717435956001282
            ],
            [
                0.7742051482200623,
                -0.21166308224201202,
                0.5964940190315247,
                -0.7445544600486755
            ],
            [
                0.017446376383304596,
                0.9492042064666748,
                0.3141765594482422,
                0.1401095688343048
            ]
        ]
    },
    {
        "file_path": "images/metashape/images_4/frame_00221.JPG",
        "transform": [
            [
                -0.451484739780426,
                0.0458800345659256,
                0.8910984396934509,
                0.5069446563720703
            ],
            [
                0.8888674378395081,
                0.1103707104921341,
                0.4446716904640198,
                0.32960963249206543
            ],
            [
                -0.07794961333274841,
                0.9928309321403503,
                -0.09061196446418762,
                -0.16815248131752014
            ]
        ]
    },
    {
        "file_path": "images/metashape/images_4/frame_00231.JPG",
        "transform": [
            [
                -0.505202054977417,
                0.003980919718742371,
                0.8629918694496155,
                0.025156158953905106
            ],
            [
                0.8560649156570435,
                0.1288416087627411,
                0.5005525350570679,
                0.8165712356567383
            ],
            [
                -0.10919664800167084,
                0.9916571378707886,
                -0.06849899888038635,
                -0.13407042622566223
            ]
        ]
    },
    {
        "file_path": "images/metashape/images_4/frame_00241.JPG",
        "transform": [
            [
                -0.5391983985900879,
                -0.07426753640174866,
                0.838897705078125,
                0.0620952770113945
            ],
            [
                0.8409291505813599,
                0.006765604019165039,
                0.5411030054092407,
                0.32318010926246643
            ],
            [
                -0.045862071216106415,
                0.9972153902053833,
                0.05880570411682129,
                -0.08060283958911896
            ]
        ]
    },
    {
        "file_path": "images/metashape/images_4/frame_00251.JPG",
        "transform": [
            [
                -0.5591257810592651,
                -0.0589655339717865,
                0.8269833326339722,
                0.36979755759239197
            ],
            [
                0.8280758261680603,
                0.009430408477783203,
                0.560536801815033,
                -0.010275647975504398
            ],
            [
                -0.0408511608839035,
                0.9982154369354248,
                0.04355514049530029,
                -0.0690142959356308
            ]
        ]
    },
    {
        "file_path": "images/metashape/images_4/frame_00261.JPG",
        "transform": [
            [
                -0.7320197224617004,
                0.022279396653175354,
                0.6809189319610596,
                0.4304746389389038
            ],
            [
                0.6779434680938721,
                -0.0750231146812439,
                0.7312757968902588,
                -0.1339038908481598
            ],
            [
                0.0673770010471344,
                0.996932864189148,
                0.03981417417526245,
                -0.06351222097873688
            ]
        ]
    },
    {
        "file_path": "images/metashape/images_4/frame_00271.JPG",
        "transform": [
            [
                -0.6046503186225891,
                -0.13893240690231323,
                0.7842803597450256,
                0.17204050719738007
            ],
            [
                0.7962301969528198,
                -0.08023771643638611,
                0.5996494293212891,
                0.11195848137140274
            ],
            [
                -0.020381905138492584,
                0.98704594373703,
                0.15913799405097961,
                -0.13102054595947266
            ]
        ]
    },
    {
        "file_path": "images/metashape/images_4/frame_00281.JPG",
        "transform": [
            [
                -0.5643192529678345,
                -0.1317426860332489,
                0.8149770498275757,
                0.012146612629294395
            ],
            [
                0.8255259394645691,
                -0.08153727650642395,
                0.5584429502487183,
                0.4608527719974518
            ],
            [
                -0.007119767367839813,
                0.9879248142242432,
                0.15477001667022705,
                -0.09601899236440659
            ]
        ]
    },
    {
        "file_path": "images/metashape/images_4/frame_00291.JPG",
        "transform": [
            [
                -0.7873417735099792,
                0.5474991798400879,
                0.28343895077705383,
                -0.25966644287109375
            ],
            [
                0.241970956325531,
                -0.14843004941940308,
                0.9588631987571716,
                -0.1744488626718521
            ],
            [
                0.567047655582428,
                0.8235369324684143,
                -0.015613704919815063,
                -0.034367866814136505
            ]
        ]
    },
    {
        "file_path": "images/metashape/images_4/frame_00301.JPG",
        "transform": [
            [
                -0.760666012763977,
                0.55757737159729,
                0.3324074149131775,
                -0.716157853603363
            ],
            [
                0.21900074183940887,
                -0.26162317395210266,
                0.9399957656860352,
                0.5799219608306885
            ],
            [
                0.611085832118988,
                0.7878203392028809,
                0.07689797878265381,
                -0.028609169647097588
            ]
        ]
    },
    {
        "file_path": "images/metashape/images_4/frame_00311.JPG",
        "transform": [
            [
                -0.7514595985412598,
                0.6199817657470703,
                0.22567912936210632,
                -0.730758786201477
            ],
            [
                0.09647934138774872,
                -0.23511818051338196,
                0.9671666026115417,
                0.6619530320167542
            ],
            [
                0.6526868939399719,
                0.7485600113868713,
                0.11686640977859497,
                -0.03833945095539093
            ]
        ]
    },
    {
        "file_path": "images/metashape/images_4/frame_00321.JPG",
        "transform": [
            [
                -0.6979171633720398,
                0.5780824422836304,
                0.42276740074157715,
                -0.033516775816679
            ],
            [
                0.33993294835090637,
                -0.252187043428421,
                0.9060062170028687,
                0.17667903006076813
            ],
            [
                0.6303627490997314,
                0.7760298848152161,
                -0.020503640174865723,
                -0.06121009588241577
            ]
        ]
    },
    {
        "file_path": "images/metashape/images_4/frame_00331.JPG",
        "transform": [
            [
                -0.6970807313919067,
                0.7034781575202942,
                0.13855266571044922,
                -0.5829097032546997
            ],
            [
                -0.04343114793300629,
                -0.23431572318077087,
                0.9711899161338806,
                0.5794256329536438
            ],
            [
                0.7156760096549988,
                0.6709802746772766,
                0.19388985633850098,
                -0.040601953864097595
            ]
        ]
    },
    {
        "file_path": "images/metashape/images_4/frame_00341.JPG",
        "transform": [
            [
                -0.6830658316612244,
                0.14306114614009857,
                0.7162083983421326,
                0.30882522463798523
            ],
            [
                0.7301673889160156,
                0.1114322692155838,
                0.6741205453872681,
                -0.4770733118057251
            ],
            [
                0.016631707549095154,
                0.983420729637146,
                -0.18057411909103394,
                -0.23083028197288513
            ]
        ]
    },
    {
        "file_path": "images/metashape/images_4/frame_00351.JPG",
        "transform": [
            [
                -0.6244555711746216,
                0.23924396932125092,
                0.7435171008110046,
                0.2239835411310196
            ],
            [
                0.7809984683990479,
                0.20324832201004028,
                0.5905349254608154,
                -0.28753745555877686
            ],
            [
                -0.009836673736572266,
                0.9494484663009644,
                -0.3137686848640442,
                -0.15786659717559814
            ]
        ]
    },
    {
        "file_path": "images/metashape/images_4/frame_00361.JPG",
        "transform": [
            [
                -0.6023167967796326,
                0.03882068395614624,
                0.7973126173019409,
                0.28179487586021423
            ],
            [
                0.7955082654953003,
                0.1120099425315857,
                0.5955000519752502,
                -0.19342772662639618
            ],
            [
                -0.06618925929069519,
                0.9929485321044922,
                -0.09834763407707214,
                -0.31175529956817627
            ]
        ]
    },
    {
        "file_path": "images/metashape/images_4/frame_00371.JPG",
        "transform": [
            [
                -0.5798426866531372,
                0.003005966544151306,
                0.8147228360176086,
                0.17497558891773224
            ],
            [
                0.8131518363952637,
                0.06431536376476288,
                0.5784873962402344,
                -0.16681209206581116
            ],
            [
                -0.05066031217575073,
                0.9979251027107239,
                -0.03973710536956787,
                -0.19610705971717834
            ]
        ]
    },
    {
        "file_path": "images/metashape/images_4/frame_00381.JPG",
        "transform": [
            [
                -0.5844972729682922,
                0.010126069188117981,
                0.8113324642181396,
                0.12462107837200165
            ],
            [
                0.810198187828064,
                0.061589643359184265,
                0.5829114317893982,
                0.029105380177497864
            ],
            [
                -0.04406709223985672,
                0.9980502128601074,
                -0.044203102588653564,
                -0.16791239380836487
            ]
        ]
    },
    {
        "file_path": "images/metashape/images_4/frame_00391.JPG",
        "transform": [
            [
                -0.5783542990684509,
                0.06931020319461823,
                0.8128359317779541,
                0.05948919430375099
            ],
            [
                0.8133481740951538,
                0.12595751881599426,
                0.5679783821105957,
                0.1424928456544876
            ],
            [
                -0.0630161464214325,
                0.9896113872528076,
                -0.12922140955924988,
                -0.1383846253156662
            ]
        ]
    },
    {
        "file_path": "images/metashape/images_4/frame_00401.JPG",
        "transform": [
            [
                -0.6083664298057556,
                -0.025720059871673584,
                0.7932393550872803,
                -0.08890515565872192
            ],
            [
                0.7929973602294922,
                0.02101770043373108,
                0.6088624000549316,
                0.4007508456707001
            ],
            [
                -0.032332055270671844,
                0.9994481801986694,
                0.007609456777572632,
                -0.21401429176330566
            ]
        ]
    },
    {
        "file_path": "images/metashape/images_4/frame_00411.JPG",
        "transform": [
            [
                -0.5760707855224609,
                -0.07437101006507874,
                0.814009428024292,
                -0.31814900040626526
            ],
            [
                0.8161062598228455,
                0.003672301769256592,
                0.5778902769088745,
                0.5343527793884277
            ],
            [
                -0.045967601239681244,
                0.9972238540649414,
                0.05857911705970764,
                -0.037981342524290085
            ]
        ]
    },
    {
        "file_path": "images/metashape/images_4/frame_00421.JPG",
        "transform": [
            [
                0.1666005402803421,
                0.13366730511188507,
                0.976922333240509,
                -0.3825695514678955
            ],
            [
                0.8828938603401184,
                0.42091453075408936,
                -0.20815688371658325,
                0.07271452993154526
            ],
            [
                -0.43902453780174255,
                0.8971978425979614,
                -0.04788946360349655,
                -0.11101856082677841
            ]
        ]
    },
    {
        "file_path": "images/metashape/images_4/frame_00431.JPG",
        "transform": [
            [
                -0.12847137451171875,
                0.1557506024837494,
                0.9794062972068787,
                -0.07025614380836487
            ],
            [
                0.9537330865859985,
                0.2900979518890381,
                0.07897075265645981,
                -0.3013765811920166
            ],
            [
                -0.27182403206825256,
                0.9442377686500549,
                -0.185813769698143,
                -0.10952024161815643
            ]
        ]
    },
    {
        "file_path": "images/metashape/images_4/frame_00441.JPG",
        "transform": [
            [
                0.3136780261993408,
                0.9494269490242004,
                0.013951241970062256,
                -0.62144535779953
            ],
            [
                -0.6524999141693115,
                0.20485666394233704,
                0.7295735478401184,
                0.16123363375663757
            ],
            [
                0.6898187398910522,
                -0.23795437812805176,
                0.6837599873542786,
                0.13619187474250793
            ]
        ]
    },
    {
        "file_path": "images/metashape/images_4/frame_00451.JPG",
        "transform": [
            [
                0.44301432371139526,
                0.8894331455230713,
                -0.1124584972858429,
                -0.3028661012649536
            ],
            [
                -0.591692328453064,
                0.3843158185482025,
                0.7086617946624756,
                -0.2149355262517929
            ],
            [
                0.6735268235206604,
                -0.2474065124988556,
                0.6965281367301941,
                0.2071300446987152
            ]
        ]
    },
    {
        "file_path": "images/metashape/images_4/frame_00461.JPG",
        "transform": [
            [
                -0.4691835939884186,
                -0.08592380583286285,
                0.8789106011390686,
                0.18894757330417633
            ],
            [
                0.880628764629364,
                0.028891533613204956,
                0.4729253053665161,
                0.1561761349439621
            ],
            [
                -0.0660286396741867,
                0.9958826899528503,
                0.06211152672767639,
                -0.01573333889245987
            ]
        ]
    },
    {
        "file_path": "images/metashape/images_4/frame_00471.JPG",
        "transform": [
            [
                -0.5814322233200073,
                -0.15551038086414337,
                0.7985944747924805,
                0.3277019262313843
            ],
            [
                0.8130874037742615,
                -0.07640343904495239,
                0.5771060585975647,
                0.05682675540447235
            ],
            [
                -0.028730615973472595,
                0.9848750829696655,
                0.1708669364452362,
                -0.026446953415870667
            ]
        ]
    },
    {
        "file_path": "images/metashape/images_4/frame_00481.JPG",
        "transform": [
            [
                0.5450149178504944,
                -0.14067579805850983,
                0.8265403509140015,
                0.11003584414720535
            ],
            [
                0.44544440507888794,
                0.8837659358978271,
                -0.1433074027299881,
                -0.9999999403953552
            ],
            [
                -0.7103084325790405,
                0.44628244638442993,
                0.5443288087844849,
                0.16808180510997772
            ]
        ]
    },
    {
        "file_path": "images/metashape/images_4/frame_00492.JPG",
        "transform": [
            [
                0.15347705781459808,
                -0.4362528324127197,
                0.8866386413574219,
                0.11132465302944183
            ],
            [
                0.8589350581169128,
                0.5025086402893066,
                0.09856777638196945,
                -0.72371906042099
            ],
            [
                -0.4885440468788147,
                0.7464371919631958,
                0.4518364667892456,
                -0.09321083873510361
            ]
        ]
    },
    {
        "file_path": "images/metashape/images_4/frame_00502.JPG",
        "transform": [
            [
                0.05545319989323616,
                -0.22306279838085175,
                0.973225474357605,
                -0.1943281590938568
            ],
            [
                0.8503134846687317,
                0.5214560031890869,
                0.07106764614582062,
                -0.04609311744570732
            ],
            [
                -0.5233468413352966,
                0.8236058950424194,
                0.21858972311019897,
                -0.14362379908561707
            ]
        ]
    },
    {
        "file_path": "images/metashape/images_4/frame_00513.JPG",
        "transform": [
            [
                -0.8146445751190186,
                0.5787221789360046,
                -0.03787845000624657,
                -0.22727464139461517
            ],
            [
                0.020742446184158325,
                0.09434415400028229,
                0.9953235387802124,
                -0.6218406558036804
            ],
            [
                0.5795894861221313,
                0.810049295425415,
                -0.08886106312274933,
                -0.04316321015357971
            ]
        ]
    },
    {
        "file_path": "images/metashape/images_4/frame_00524.JPG",
        "transform": [
            [
                -0.707778811454773,
                0.09789355844259262,
                0.699618399143219,
                -0.2822774648666382
            ],
            [
                0.69112628698349,
                -0.10909482836723328,
                0.7144527435302734,
                -0.14048108458518982
            ],
            [
                0.14626505970954895,
                0.9891992807388306,
                0.00955820083618164,
                -0.11819924414157867
            ]
        ]
    },
    {
        "file_path": "images/metashape/images_4/frame_00534.JPG",
        "transform": [
            [
                -0.5895967483520508,
                -0.16817639768123627,
                0.7899951338768005,
                -0.33919256925582886
            ],
            [
                0.8057527542114258,
                -0.054632335901260376,
                0.5897268056869507,
                0.27991724014282227
            ],
            [
                -0.05601881444454193,
                0.9842418432235718,
                0.16771963238716125,
                -0.049006666988134384
            ]
        ]
    },
    {
        "file_path": "images/metashape/images_4/frame_00545.JPG",
        "transform": [
            [
                -0.14963561296463013,
                -0.5874098539352417,
                0.7953356504440308,
                0.026672139763832092
            ],
            [
                0.9626187086105347,
                -0.27022936940193176,
                -0.018474414944648743,
                -0.7912008166313171
            ],
            [
                0.2257750779390335,
                0.7628405690193176,
                0.6058877110481262,
                0.08943452686071396
            ]
        ]
    },
    {
        "file_path": "images/metashape/images_4/frame_00555.JPG",
        "transform": [
            [
                0.3163079023361206,
                -0.5868462920188904,
                0.7453593611717224,
                -0.02952108345925808
            ],
            [
                0.3224942088127136,
                0.8054248094558716,
                0.497281014919281,
                0.167629212141037
            ],
            [
                -0.8921585083007812,
                0.08308012783527374,
                0.4440167546272278,
                0.2580285370349884
            ]
        ]
    },
    {
        "file_path": "images/metashape/images_4/frame_00566.JPG",
        "transform": [
            [
                -0.6057699918746948,
                0.004581332206726074,
                0.795626699924469,
                -0.5152441263198853
            ],
            [
                0.7937527894973755,
                -0.0653526782989502,
                0.6047194600105286,
                0.35691916942596436
            ],
            [
                0.054766759276390076,
                0.9978517293930054,
                0.035952240228652954,
                -0.2574692964553833
            ]
        ]
    },
    {
        "file_path": "images/metashape/images_4/frame_00576.JPG",
        "transform": [
            [
                -0.27804380655288696,
                0.3004330098628998,
                0.9123769402503967,
                -0.3531742990016937
            ],
            [
                0.9232058525085449,
                0.34591156244277954,
                0.1674400418996811,
                0.015037212520837784
            ],
            [
                -0.26529720425605774,
                0.8888673782348633,
                -0.37354007363319397,
                -0.2160377949476242
            ]
        ]
    },
    {
        "file_path": "images/metashape/images_4/frame_00586.JPG",
        "transform": [
            [
                -0.8165333271026611,
                0.5370303392410278,
                0.21182939410209656,
                -0.31095781922340393
            ],
            [
                0.2049131691455841,
                -0.07342559099197388,
                0.9760221838951111,
                -0.07934349030256271
            ],
            [
                0.5397072434425354,
                0.8403612375259399,
                -0.05009016394615173,
                -0.24204203486442566
            ]
        ]
    },
    {
        "file_path": "images/metashape/images_4/frame_00599.JPG",
        "transform": [
            [
                0.684415876865387,
                -0.02899361401796341,
                0.728515088558197,
                -0.15673290193080902
            ],
            [
                0.17692981660366058,
                0.9759459495544434,
                -0.12737882137298584,
                -0.5921438932418823
            ],
            [
                -0.707298219203949,
                0.2160761058330536,
                0.6730827689170837,
                -0.07527685165405273
            ]
        ]
    }
]